-63.155850
-91.227968
-353.422140
-283.236191
-444.959409
-213.876940
-586.434240
-147.455981
-104.158355
-180.607577
-90.163846
-91.837519
-119.605025
-144.589202
-61.014512
76.337643
-143.221286
-204.722289
-521.550143
-110.457166
-188.755979
-219.008804
-356.942929
-144.593274
-152.016788
-223.599990
-115.072567
-316.132972
-157.338746
-273.632260
-289.327154
-329.942829
-163.878201
-137.276820
-283.304652
-220.018165
-128.110890
-66.331162
-158.458007
-368.091226
30.984028
-102.894414
-102.285755
-149.920325
-33.160544
-156.304038
48.365047
-104.842787
-83.771668
-153.709751
-86.937499
-279.743521
-100.991297
-77.614090
-232.094398
-239.003850
-253.730583
-90.423666
-134.168062
-150.675988
-89.169216
-112.148160
-132.590460
-230.877897
-102.457250
-250.762372
-86.532654
-151.067782
-92.857016
-203.060888
-147.938431
-124.524846
-237.683910
-155.243942
-144.706359
-120.512241
-60.863697
-241.529150
-157.662611
-172.353615
-140.124420
-128.106182
-133.169873
-150.353129
-232.612246
-119.751119
-147.235425
-171.911977
-125.202915
-239.813881
-126.185356
-106.281321
-138.505242
-151.119427
-139.490075
-125.588127
-192.116237
-112.390140
-145.168471
-127.172474
-104.555668
-167.437946
-93.445040
-136.308650
-130.484764
-141.675492
-105.161458
-126.924113
-94.237168
-113.165086
-124.959672
-139.747371
-105.143318
-87.094552
-72.256887
-90.800760
-96.269707
-58.342090
-189.654102
-81.468006
-126.595801
-73.367090
-102.367330
-147.120702
-54.036703
-80.843838
-80.387498
-116.818648
-83.428311
-95.307034
-88.406647
-74.632093
-105.884709
-66.019076
-111.445620
-117.005477
-71.064717
-71.649401
-88.307310
-90.067604
-89.691148
-73.330081
-30.452002
-91.724708
-77.954016
-51.908818
-94.944865
-95.755574
-61.593918
-46.343137
-41.228739
-29.657044
-99.091449
-65.647363
-77.903784
-89.473960
-29.547720
-60.905517
-88.042880
-119.720284
-106.484499
-112.733180
-124.321577
-109.294521
-145.416076
-162.594307
-116.575817
-111.522705
-129.307575
-122.162745
-83.738539
-84.524801
-88.965523
-84.870771
-151.687072
-36.964750
-93.435289
-57.807605
-66.409743
-68.058319
-61.137023
-97.497093
-54.008207
-109.215551
-4.293090
-75.219025
-63.980617
-16.392395
224.852923
-78.902091
-33.095151
-87.872239
-106.922277
-74.470984
-82.150097
-71.316987
-89.603193
164.213140
-60.126906
149.399920
-102.559318
-83.461507
-72.601928
-48.234014
-64.990801
-53.223672
-73.738255
220.257774
-62.407227
176.536816
-122.038951
89.189977
290.954591
-46.314344
-59.016595
-58.221106
-78.433101
-84.678308
207.237101
226.775508
-73.418774
123.048818
161.993614
253.262296
-89.409986
-100.962277
-59.557421
-244.791978
-83.441142
151.329594
-84.842904
104.672528
211.131612
-95.458931
-83.097713
-195.948192
-100.367575
201.941171
-86.827987
-121.365355
215.047729
-80.926562
-149.258219
121.558197
-149.611684
-190.348771
-177.969944
-90.235618
-168.959378
-272.837213
-163.884737
-67.019552
-100.243368
-121.452901
-69.998431
-80.716237
-69.715149
-119.392529
-101.686254
-126.760624
-6.326457
4.663934
12.302317
-82.629803
-94.557285
1.099424
-70.814284
-84.723670
-62.750976
-50.921102
-97.335591
-85.265063
-46.611297
-115.829582
6.929733
-109.529063
-16.047251
-60.770456
-78.521425
-100.310683
-33.079397
-95.477204
-85.857018
-85.151614
-101.256178
-83.184551
-25.253561
-95.589181
-79.011637
-96.051918
-70.191171
-31.229108
-95.938451
-31.155347
-84.600674
-33.924742
-85.165765
-12.483670
163.752170
-44.037452
-114.872655
210.473869
206.727230
-64.067995
-37.720742
-94.201125
-105.749877
-106.950350
-84.115240
-179.414763
-32.425784
-118.236199
-128.595430
-81.928282
59.101134
-79.322787
198.222703
74.351616
145.768193
10.224096
-84.559612
231.906987
-184.023940
153.804309
151.898704
132.821359
153.119345
118.209413
224.282569
-90.000185
-160.556556
-65.262555
174.792815
28.282255
-101.294018
132.178391
-120.212050
145.830951
225.679320
-84.258747
-66.866485
-55.955078
-1.432881
223.990958
188.574244
176.803382
160.885335
-24.186694
113.462387
224.016522
188.391484
141.740215
156.262366
143.247281
-88.506139
218.556832
198.262744
182.118766
-19.839687
88.712238
206.206421
-77.358215
-90.160935
-98.076089
-86.412414
-100.712620
-98.393218
121.262092
-84.843334
-98.125760
186.588670
-60.702337
-72.199753
-71.331396
-75.027448
-167.805732
-100.959924
-88.777592
268.923097
-45.243215
-73.587351
-69.072803
-44.089669
-97.333601
-82.852460
-39.921576
141.599185
-104.555381
-84.723923
-94.241012
275.974146
-67.922921
222.207616
-88.238343
233.540949
-67.777485
259.146120
235.495175
-82.898563
-61.885571
249.741527
256.117467
-76.569063
224.890020
-64.043871
143.668222
129.390167
-54.346815
205.604706
-57.439573
254.180818
-102.920514
251.059044
216.248481
271.096929
-97.649868
-92.153904
-95.575875
-73.721267
181.524141
-89.181464
-20.724496
-103.380861
228.143259
197.864958
-51.322020
265.417610
-90.361923
221.518811
261.620244
-64.973799
-83.061076
182.873620
284.412455
113.793926
-76.162418
208.405413
220.531136
166.801801
84.406592
-64.395379
235.524996
-64.128417
-27.971686
-49.114028
-33.679849
-77.711431
113.367655
77.960816
-80.226816
-31.491722
-49.916501
200.957755
-95.014268
-80.468840
-37.677854
-94.706443
133.686151
233.041808
-34.263339
-87.079664
150.585202
170.082516
-55.878127
78.150800
-46.614606
182.469964
168.017603
203.784229
-113.293664
193.777185
-63.235711
-65.847108
-43.327681
-60.151326
122.685388
-75.518526
230.025010
-14.887582
-62.069146
-119.094463
-67.584702
-77.047797
-66.104754
-83.012232
-64.041249
-94.100592
-70.999628
-62.399727
-48.619133
-115.682466
-54.235467
187.386744
-23.208588
-86.342245
-24.796253
127.955678
-61.417501
-131.441623
105.717725
-138.601744
-59.819817
-211.892210
-10.966834
-172.719341
-107.369157
-65.124580
-39.454498
-16.079914
-39.042226
-24.366052
-43.301256
-27.820749
-68.195333
-113.569220
-87.530152
-62.222535
-63.386371
-59.108259
-65.463812
-99.612250
-68.986333
-56.772637
-71.340394
-84.498084
-32.325150
-51.388610
181.654623
-55.268540
-112.055289
-98.248228
-63.971046
-29.556450
-90.363190
24.999325
145.049064
-98.888686
-66.394042
141.907481
23.706506
-93.110694
14.727490
-71.694112
142.801377
-96.665765
-18.394412
115.352503
169.091463
267.066083
167.010262
137.694708
-64.111478
-58.173990
240.572115
204.488450
239.720210
192.743475
224.856842
226.088790
186.140902
197.929372
198.955079
233.049049
200.246545
173.649289
273.573528
140.415488
139.133875
177.924034
198.682729
261.265772
156.840491
237.507408
165.577969
218.186327
209.357611
215.794177
135.896495
206.551913
-112.027986
246.727555
76.007559
-111.699926
-103.985131
265.933330
253.425255
218.543004
230.372643
185.634292
227.002102
230.039803
244.884977
221.797548
174.393785
189.464894
182.251208
97.726786
175.298628
-98.533435
205.480181
-106.072065
-35.185082
180.882446
208.679043
187.248079
141.829740
208.118272
-73.398754
260.386254
-102.442332
270.382948
19.300174
274.366247
255.706182
294.406482
249.427063
20.950308
240.612642
285.632435
48.922458
301.710872
280.616842
280.453890
264.738782
49.052686
253.556500
292.341570
266.158263
228.786925
266.661557
282.051012
259.240983
241.265892
13.514284
261.219693
257.834548
115.704510
241.971195
32.217651
226.027497
287.806656
268.844210
-5.196212
226.533459
281.620628
248.330004
234.449761
279.338187
-48.186365
274.280326
-37.399094
284.870056
-8.945789
270.363514
-18.811151
274.969367
31.765942
281.263311
281.847368
264.216090
158.986097
231.755955
252.819321
225.064110
185.821025
162.651649
219.535806
274.796768
229.322829
162.619719
244.336235
243.413360
220.642549
240.626962
201.960683
172.646918
261.753275
225.842733
-31.616661
278.514505
225.904795
210.694664
100.034835
281.152856
268.380680
233.751120
237.589515
242.488761
250.612463
287.782971
268.264024
285.440370
265.775237
-123.231215
269.816427
252.888026
248.439356
206.034420
214.823439
242.031235
241.465402
277.430077
226.653517
216.365769
225.362849
226.847472
236.781244
270.922313
253.717883
168.710098
233.355112
206.277290
239.448443
216.399213
244.720278
225.215530
248.838319
24.179090
-18.992035
244.548895
265.028572
276.626612
285.033862
268.541038
253.887047
239.520091
251.112168
235.493858
286.908092
261.289914
262.593160
270.114476
265.282348
255.033569
232.511763
270.259099
261.371291
268.558596
-12.086991
232.028634
227.996165
238.973624
5.821092
236.881694
218.977390
232.169641
252.516684
280.478107
14.562714
258.334983
173.930666
259.989188
292.318708
232.399848
250.700059
262.181403
-0.121141
258.099902
239.101791
250.407611
-2.173629
233.944627
249.425773
258.842293
-1.372201
164.557780
251.975215
287.822852
8.664238
232.538871
227.298534
268.888657
244.178923
253.488934
266.570742
278.521731
239.025182
275.339667
286.937533
278.149477
260.953939
258.698221
262.027514
269.842463
268.213681
272.592645
222.446140
236.245801
260.123598
261.476733
267.922565
269.605769
281.645532
216.199761
236.989626
220.613801
-5.963298
-17.027653
273.690272
217.033786
227.396701
267.443369
206.717455
218.107047
229.382997
53.130899
258.455322
227.730508
236.621802
224.956455
251.397666
202.813219
225.459207
239.651923
216.134876
245.813432
21.593436
243.262267
195.796128
187.441519
241.587961
222.418623
227.153465
249.273076
221.758178
191.574211
232.723698
253.885713
235.266940
227.406128
203.768309
230.065634
252.963224
185.531263
203.829118
288.783821
244.154175
-10.900665
9.551550
261.578287
272.283907
233.578864
251.592473
230.969286
245.197593
-17.652563
-1.549410
193.473536
201.802787
238.560343
245.338856
222.142712
272.979689
258.470370
259.699890
234.754817
-0.088098
230.981873
266.131936
214.620580
-26.081967
-40.613808
210.212492
281.324138
234.166518
250.146502
225.696765
245.501820
269.096999
202.574934
237.430541
212.349170
259.714754
288.456162
277.794880
291.200245
203.515719
297.583027
225.719156
258.224992
250.478486
178.209212
214.158019
298.510734
280.120380
197.792085
258.586387
278.795843
278.775648
277.661715
201.106235
292.679307
278.546406
304.519679
263.121252
202.705819
285.664732
294.461440
39.051324
236.755420
266.106600
236.580817
9.738057
234.048689
26.282652
251.059558
257.307204
200.007773
229.302834
280.642351
274.130841
259.288882
232.802146
227.466883
218.643786
256.208472
290.435568
293.969874
30.090186
249.407598
279.508075
274.339564
285.162300
224.876312
249.893558
240.127336
214.900168
277.519816
228.910806
265.732727
262.137024
294.189836
298.612249
-413.421843
261.539633
254.212039
188.896286
196.119767
200.304869
283.217599
286.441582
230.198838
44.591106
287.315026
294.548543
262.554244
250.355966
248.098936
4.396726
6.890345
219.648563
-5.025847
220.763040
270.205067
264.940914
270.357046
269.012828
-7.328756
259.504491
252.958313
262.173259
19.743994
234.651999
218.741255
205.235274
267.076707
217.937444
249.131854
174.138657
260.917669
243.308439
199.612821
200.803033
220.100369
204.764573
262.582247
188.482633
189.207493
234.623386
268.461214
263.162414
232.735016
257.416957
232.242624
262.171396
255.897880
197.500066
234.892694
221.066272
273.513561
239.748765
262.470570
241.710294
257.601120
252.500340
263.216512
201.894823
219.993268
281.208459
215.945605
284.771067
220.061350
275.650837
248.009582
257.482294
248.569736
280.145055
277.137620
259.287774
291.721493
255.943072
199.905070
224.338509
256.847858
256.951999
254.268346
226.035377
226.643511
201.658815
291.375748
203.702685
221.002438
309.840190
246.951907
217.482777
278.531841
243.645340
300.170513
283.624581
272.796782
271.867876
243.812771
266.707542
282.976066
241.673672
205.349748
284.740268
84.782220
274.229170
238.222135
232.429237
283.530215
270.898084
295.846392
260.854177
226.327466
266.558857
21.182189
269.696177
270.749010
260.769201
245.930181
263.057335
264.152040
265.505097
231.763042
-10.403596
254.248637
263.540953
256.938516
244.667819
226.140160
256.204017
211.354585
216.693486
222.017076
238.005934
265.830659
213.411856
253.372452
277.935565
204.509099
237.546833
239.119572
240.006285
245.304300
243.186028
253.623741
275.308383
249.491679
229.739717
237.559136
246.968853
242.672322
236.100315
227.776300
268.743715
222.431219
271.543304
278.687612
275.808667
234.039914
259.459281
273.148961
253.383758
255.688909
261.155783
262.264415
262.175817
236.832270
264.352185
262.050222
255.015672
271.173528
264.007840
236.068956
256.129600
249.933707
228.556018
266.851063
276.401944
295.466239
248.762385
257.118448
257.381980
271.222409
295.249386
29.902662
248.259098
263.612527
290.123413
249.071125
227.513096
57.648988
247.814104
206.098700
214.757108
279.010568
266.337423
262.450572
228.917272
269.596844
225.736142
66.553084
284.960919
267.540701
280.503862
248.053764
263.446645
259.760570
263.571591
245.330987
293.775499
268.652480
259.694007
269.429919
268.563248
24.640924
269.737942
237.813239
252.991685
287.090534
259.633892
260.707037
274.972537
210.081105
232.864217
272.708960
270.838986
275.534140
138.834261
215.525764
273.983349
285.519934
267.076517
262.663416
282.101658
251.768717
224.874046
275.892304
226.418609
232.299614
282.559367
210.637518
238.061543
263.806435
287.061648
249.116342
249.189196
219.356153
213.414869
240.729055
255.982626
62.601012
290.557437
236.554840
14.928363
288.076866
3.280966
-76.216381
259.240810
258.688001
250.977910
283.545011
8.657023
247.809953
29.553460
37.237844
242.488149
260.552038
236.911055
242.154718
288.093951
53.036795
252.016546
255.786918
299.600187
241.937620
260.068065
249.687137
245.404095
267.919763
268.688939
231.633261
232.790306
266.924857
248.606177
282.572356
264.580236
241.707047
170.989673
256.255659
296.219653
246.371145
255.131121
260.022484
237.835702
218.897540
250.398198
179.114092
271.365479
246.851466
225.247848
182.844257
243.303615
211.924729
234.832158
15.438404
252.384967
268.465173
306.183333
205.359659
270.388184
258.217387
246.011245
242.009219
253.977549
268.263802
261.008154
268.905265
263.921362
273.296278
276.311916
246.380105
276.618413
247.421071
269.537767
248.081507
233.983985
293.603664
236.415339
278.832531
237.850664
270.219391
274.553136
265.308026
224.585857
262.833780
281.793061
209.872046
240.691477
259.671772
278.081655
266.136579
220.714410
231.978350
232.097977
255.106025
261.949122
273.418167
219.897073
260.102190
237.466361
249.484270
252.746449
257.833333
292.448850
303.802133
242.979480
208.178737
199.331117
311.786875
291.479314
265.032845
269.229279
246.892663
290.782913
290.010924
44.370903
280.640552
259.371296
295.647383
280.839887
37.506401
262.506749
275.654463
267.767364
221.438048
279.516648
239.706918
251.501974
237.424719
256.379283
265.890168
274.966258
272.703324
250.872402
264.575805
274.865073
281.831303
259.896550
301.679364
211.503490
259.512434
259.592361
312.845609
299.384762
179.982775
249.398110
284.291593
196.981441
299.403949
257.644106
270.264644
258.244131
264.907068
295.165710
300.976666
255.951436
255.119148
232.493355
294.399381
272.115535
267.340343
291.096449
265.103692
290.767841
283.234552
263.757428
308.288997
299.513600
55.568079
264.321511
248.410030
249.474407
226.135019
25.661304
280.474275
256.379939
239.964627
262.443852
284.866294
258.863214
232.721791
240.618873
214.981308
252.702334
230.480387
226.753215
248.016706
260.793818
207.641797
240.167339
229.434101
245.645554
8.862119
247.483612
258.662741
227.031856
277.167119
180.821139
202.642615
222.988209
234.423756
248.694736
287.306411
220.670382
260.504332
238.284937
69.446886
247.422244
260.608834
257.749946
276.819552
274.204525
239.654639
282.487701
285.848201
243.073189
269.698680
276.096847
283.109736
58.514511
262.887065
259.600655
46.531842
198.922280
235.913183
247.206084
270.367156
223.012759
212.323993
223.110637
232.908832
215.928151
248.471716
227.308300
239.569149
252.441922
266.086430
260.080449
256.159624
221.960264
258.120996
241.195480
222.278892
229.595066
254.930321
272.695283
270.117171
228.871000
247.760438
246.248317
216.287250
273.140701
223.287370
250.989502
21.054183
249.267967
235.925470
227.128068
242.366695
225.824667
206.354911
188.505762
243.067070
240.614113
198.587199
253.337495
253.700799
277.803897
176.215105
202.260457
282.860561
245.756730
256.544462
244.125850
227.836285
253.025542
243.333677
266.878434
205.756092
263.421206
280.296337
223.828866
243.712143
293.710324
277.303831
254.768243
197.391247
189.577228
207.634472
226.234693
244.441982
232.846792
236.735911
240.928975
46.009533
224.619016
271.669483
243.986146
-148.397691
165.396606
202.746638
20.150189
225.005960
262.556515
206.924332
257.506564
254.388896
238.074001
179.705936
220.659603
244.792107
253.971315
256.991533
228.929955
189.515033
267.949559
241.318711
179.329461
226.166877
242.237383
228.229820
200.125298
264.030024
192.627808
240.571653
202.379506
273.298603
211.596006
221.308062
229.307173
227.357523
218.252201
267.096389
238.094803
309.342457
229.138591
213.536611
235.867757
247.294662
257.035575
259.565192
255.123290
253.108999
254.895978
285.162561
282.836145
266.282011
262.717988
262.805511
268.248385
253.804302
270.780764
250.059502
242.422014
236.660269
231.826549
250.664725
268.683127
244.329933
211.841490
254.313023
247.654607
277.518605
164.250777
127.043035
215.356148
226.539277
275.430370
244.555386
263.395568
53.927263
287.900335
263.528422
155.727744
249.739344
238.110292
271.790793
254.228187
239.349070
238.039709
225.698459
222.114747
281.571997
242.321962
253.110664
270.441765
225.631688
279.025062
239.913492
249.599623
250.733526
271.910755
269.047331
174.731746
249.856803
202.358135
255.475480
254.458128
229.749042
231.379773
269.604260
225.475617
222.330272
218.716453
232.508514
233.622950
264.232929
255.833869
207.281239
226.347558
255.547167
219.961345
222.473409
221.550168
226.366564
261.831446
219.708963
239.639828
260.983851
233.919896
273.712697
-204.782618
278.753444
254.610355
238.069756
282.079165
238.466801
238.141308
274.835215
259.964540
265.088266
223.312555
232.347470
210.133821
215.188181
261.804829
227.762416
252.000946
307.243944
230.024283
254.895486
248.487415
238.863248
272.665498
278.323302
242.848219
287.272579
270.260474
262.695788
224.459649
247.510480
243.978989
237.925962
232.279855
298.435709
282.700424
253.721859
272.340164
280.387459
262.360532
265.380236
270.715978
299.176471
256.293350
310.274937
272.593795
274.526981
285.148027
269.812133
267.077273
270.583233
295.261454
262.601761
259.304567
262.391119
239.711757
271.864763
236.051177
263.327902
229.314706
50.432507
230.843228
276.598676
239.526562
259.783164
244.008748
293.263100
309.093680
281.753878
252.977950
266.160696
272.399031
271.592289
268.388929
273.820070
273.354077
269.722874
282.944449
230.702686
292.685049
279.293735
285.024722
283.104728
291.929918
213.093955
224.722640
289.884076
263.895403
291.292156
49.512711
267.402630
266.571667
271.937784
266.874703
257.245309
303.110178
260.853973
268.436941
283.035441
267.779161
267.842682
270.187891
266.671889
282.370179
242.449595
256.313857
249.852450
248.575593
282.712985
253.646871
285.653934
251.684861
271.049065
193.961229
289.052218
13.983614
254.651820
49.323935
283.291337
278.823815
248.087009
273.669418
250.268331
259.430056
279.804029
269.817831
248.395211
233.948793
268.292781
259.923166
274.555659
262.357859
267.119078
266.736244
246.164600
275.459673
192.553037
243.810101
225.702459
44.120746
227.200937
270.735611
241.158926
228.095398
268.471344
262.355091
229.439291
294.597607
272.225309
237.463266
284.599718
290.328374
262.318720
312.579124
282.676972
273.951334
278.051832
264.483301
268.874148
248.686619
248.473155
252.986872
263.522186
252.626536
266.645102
289.282237
263.672037
279.660982
270.680565
276.224543
256.007910
265.173231
245.356792
252.768063
286.488760
280.233851
280.010866
274.983406
300.313329
288.908805
276.935433
274.428649
292.835503
257.356949
274.777115
273.807774
246.255797
301.279498
249.850596
283.372252
282.012395
292.444817
247.828399
280.413491
246.297084
288.600627
222.945236
243.387341
253.542854
242.928862
246.784437
294.143777
302.484243
246.447769
252.836418
218.299992
249.347713
288.909213
263.944361
39.942020
268.105038
248.468749
268.905596
277.898342
255.429843
280.929020
276.998323
283.127276
282.399915
298.410713
166.263690
257.481911
254.241246
257.703576
294.967718
31.481746
275.800350
261.350907
277.795314
275.107530
271.956717
260.498322
247.889728
309.695506
231.733788
251.666647
274.454239
267.821874
294.360036
274.532382
261.444737
278.147750
161.304060
276.702658
273.926211
258.570775
309.586391
274.534236
292.925293
253.913520
244.537067
251.774044
257.783199
242.880297
242.411852
240.622530
266.379647
287.200804
262.804204
231.026562
257.029000
259.955587
273.164797
253.393203
270.447122
303.166197
278.579517
237.807433
295.806031
280.686489
269.056844
279.262448
255.048857
264.264599
190.186142
254.688278
290.246661
239.808599
258.402735
287.271984
283.840402
271.199495
249.920654
249.815899
275.872981
253.354242
245.565520
265.398508
278.750164
254.756841
265.417129
245.585215
227.281274
272.325341
266.824503
287.978787
244.089479
263.700953
305.867139
248.235532
255.097720
234.893336
261.224871
-13.001416
10.623268
305.053465
247.618107
27.441754
268.165630
278.653741
274.200489
218.351588
285.978756
210.162127
247.927051
-17.819306
-1.370332
228.512594
177.424954
-44.985819
156.539351
161.788953
267.608749
182.611836
262.178559
184.100303
220.153285
232.104535
244.858414
215.302867
268.047959
232.744675
178.382785
265.920482
250.276216
251.509436
249.263775
256.124475
241.070744
234.305695
252.354247
229.738659
243.067278
239.874382
271.200822
248.790806
284.031384
274.471063
221.183129
284.930332
268.471846
279.559293
302.343665
274.850486
233.625725
252.275888
219.405926
264.600006
290.070612
241.152002
290.463485
210.190574
279.579037
254.350600
31.125383
246.170511
284.540019
245.845410
277.611600
41.243444
296.601821
236.679274
251.974554
289.028504
299.248430
271.637594
273.494606
261.092230
263.334166
314.105935
295.028620
297.978713
277.705518
235.152873
223.406126
297.360871
285.836791
273.666651
298.845088
255.561360
281.430788
254.091390
261.230195
252.965751
301.195228
240.441477
276.546588
246.223852
276.997999
301.030208
288.723035
294.248776
263.634913
241.965234
265.327930
288.461551
47.396050
262.324989
264.161764
299.211566
243.196475
241.192098
294.196042
245.426509
232.437621
287.612567
270.520577
272.397442
295.182818
243.157681
301.963193
301.651495
276.406141
261.403062
283.628062
253.578737
294.869230
255.058884
50.598584
30.115214
279.278550
269.217041
247.343689
42.924776
259.403739
243.803500
206.846597
267.511031
268.391638
272.291588
275.182502
260.956353
261.896521
230.277278
15.936321
281.921184
258.148206
251.893627
233.566821
262.499136
283.472745
235.739987
246.178239
291.185805
266.837329
277.171632
233.791685
274.111023
270.279094
244.555627
237.677502
273.818207
299.411109
234.822308
279.117834
257.387398
226.726316
247.040419
256.391556
270.602021
231.958240
277.522400
291.835406
264.436541
245.342332
309.373377
277.089280
258.093030
289.314490
263.797046
230.379143
273.084390
265.851684
293.732436
303.035847
232.510421
240.862175
312.042014
268.210792
281.604204
284.260107
262.402418
230.584609
279.468455
268.175340
241.499723
240.038236
226.651136
256.918016
234.660417
230.007329
282.304675
253.575041
268.312972
275.350581
286.457183
300.936196
287.417428
289.171568
263.440925
300.397168
262.291889
297.883474
276.071267
255.664270
229.042596
271.744956
279.982431
264.881208
258.583386
251.816436
293.942044
278.389013
269.836794
284.878399
37.288518
266.127389
292.297796
295.488092
243.877713
279.441009
270.044003
262.018807
236.494254
251.801820
291.228882
308.658713
277.830208
284.511431
293.526953
275.782242
7.975243
295.632502
246.847577
264.170447
288.166651
231.388641
293.964832
231.012591
271.060910
273.902209
263.498732
245.442930
243.434482
278.191243
272.307615
258.732752
259.732751
305.434380
307.027284
296.591577
256.250324
252.273351
240.515896
241.070037
251.681327
281.819518
259.630070
271.525241
309.429963
241.796392
252.013940
283.505115
261.878065
240.141122
252.000201
274.018919
259.598443
292.868175
288.657168
265.456997
307.954341
276.824685
282.914330
291.625059
275.954157
281.580522
256.463392
256.054846
273.360781
281.122792
262.639964
293.830352
243.723981
272.834149
305.047518
295.109610
285.889083
270.261376
284.250453
276.841608
271.000758
278.761749
-162.962336
306.815195
260.884864
279.064573
258.150663
292.559184
301.916856
280.817561
258.868010
264.946716
232.250510
266.382007
255.516735
242.123766
264.582598
292.346998
268.437840
271.444609
266.925131
270.058055
318.202925
284.276176
258.853563
264.430727
267.392888
246.508379
241.494631
283.324289
284.137216
273.431598
299.231257
290.113580
292.035950
269.663004
242.333258
303.591516
267.574725
259.483247
284.899136
243.648174
254.741816
287.190753
266.281857
276.816852
308.784357
262.804449
279.125844
262.328893
260.715398
287.154267
243.804105
282.976775
239.720352
279.998579
300.762009
278.003759
248.255890
287.300977
285.519381
27.250666
284.323041
271.141788
64.691421
293.545289
291.952910
265.104099
-10.605674
272.252186
258.182244
282.269890
277.233122
292.545900
240.909380
255.941845
297.310276
273.776411
294.593292
231.290420
257.263793
273.748260
229.840396
289.643158
299.377315
205.977736
275.014989
240.763326
54.978894
259.787153
282.411707
274.037660
269.361091
233.785681
228.846267
279.487100
233.568156
300.203818
234.780526
277.308726
248.818367
289.880241
262.587935
281.940216
291.164217
303.618694
306.329159
247.567297
294.485074
268.770420
244.802221
280.852615
241.864850
274.569987
276.124308
257.068362
246.863255
271.838355
267.364765
241.281618
277.731880
276.425238
264.630434
280.387000
293.790253
245.764186
282.112158
136.809831
254.148955
259.885506
239.684928
310.675120
256.063291
243.076670
241.296935
273.008980
260.009658
254.340943
240.615112
289.878521
277.209804
243.942955
247.225844
273.023325
266.418415
258.637705
291.986111
279.889248
31.187328
262.349138
259.084189
261.841631
270.496347
258.632448
201.383794
168.835606
265.148094
264.336011
295.020857
276.776879
250.226112
263.000285
247.623152
270.552284
246.205096
253.535601
256.032352
248.898831
282.422139
296.326767
254.770275
288.073094
273.181977
295.660702
261.429554
269.274328
252.595897
278.788073
265.485104
291.425135
288.359722
280.074476
256.649865
278.653678
254.886389
245.604914
252.713040
265.947864
288.406304
248.124840
251.556678
297.432387
308.148355
280.999522
299.189301
251.929260
284.975429
252.551463
297.005013
262.941419
283.114615
262.546824
239.391370
275.556860
272.285949
244.159825
278.042234
262.568898
279.638984
255.911265
279.021832
293.632585
299.756827
262.468103
304.191537
291.891297
311.641821
283.172295
276.067307
303.908163
268.660382
301.110730
268.027834
283.866760
276.921714
258.981525
283.982037
275.305259
269.834572
303.438988
306.328509
250.691166
277.856835
281.779919
254.012219
278.232735
262.154302
314.760089
254.218959
302.663518
274.202776
234.106689
287.443235
275.021887
281.893401
279.861574
266.311032
257.710161
276.478856
284.750683
293.714622
276.919810
249.313041
269.407200
237.139309
243.432397
265.708996
259.631924
223.005961
293.092004
261.792083
272.466817
259.664071
299.732939
274.268572
280.380829
252.051262
277.216814
267.840773
253.288307
253.943117
249.032725
235.087950
299.024863
257.437380
247.517137
255.709344
239.334400
283.202838
272.870110
229.487881
269.592832
229.014300
230.662005
282.635501
261.090775
282.660461
244.798784
287.862699
-240.278353
264.846372
273.730140
-721.317761
18.191254
133.448521
155.624737
259.396933
103.924834
168.936432
218.750416
32.275495
216.686420
31.199954
221.067657
240.688411
267.043580
-28.682306
5.470986
205.111397
234.488943
228.270167
145.333673
151.504162
-293.266469
33.044902
164.283886
-3.059501
184.422886
-6.852417
42.235437
2.182139
204.473527
48.520612
-203.727233
173.844965
221.302610
16.998993
-46.868584
-92.113472
36.735914
205.789066
155.745006
-49.733081
-43.017449
-27.717740
16.449065
233.390422
224.336281
214.717922
137.071212
166.623226
203.799175
13.265225
17.671126
211.821651
155.348578
248.441211
216.543608
251.433954
250.627744
214.433228
207.209053
198.757155
250.628865
255.559518
200.275915
225.208766
246.628698
237.849344
247.873639
246.527365
250.179759
208.846166
219.921195
238.273121
235.468949
271.816985
232.820245
246.184236
226.440566
225.437708
244.090758
213.253803
234.111463
241.807969
250.976483
246.071144
243.896789
241.801871
259.586756
274.805624
245.357609
275.934826
237.191006
265.076016
265.975925
262.398796
270.702084
280.187233
252.567823
214.784664
-65.515800
247.602384
235.583517
229.496758
256.357077
244.095145
258.078106
271.488442
281.884436
260.477102
243.112886
210.639991
276.771869
237.814434
272.240255
232.906681
215.423015
253.118482
236.118668
231.231487
264.032849
247.517629
232.373249
243.627225
228.005375
233.315221
291.958876
233.520420
274.970173
238.487513
263.192453
242.051907
239.257554
262.562577
230.771586
233.470432
227.598419
253.798248
171.125185
225.316175
233.587130
189.504978
215.839709
280.108696
263.487546
261.060138
255.987834
221.919211
228.641239
276.272151
257.951190
236.891631
246.673740
262.194772
244.099372
250.293875
-200.178295
272.279995
198.999622
104.104221
180.755817
166.212897
121.027470
-98.721787
170.807300
174.450536
187.831958
166.573579
221.137091
203.041108
262.302817
243.499589
157.367875
198.022636
-141.878877
253.137706
148.261923
-24.947072
-5.368548
234.728838
138.998113
190.604182
222.628868
192.992738
139.819531
85.718776
167.887318
187.727463
164.462045
165.074755
223.496676
235.011099
205.424168
203.677012
220.156232
83.818653
230.801165
184.744999
194.495987
176.390882
184.281653
260.819560
227.110879
197.268165
187.261287
182.097766
267.007316
187.133902
242.666496
200.779085
204.146792
217.670445
233.729609
226.684320
203.273816
255.413408
217.471728
210.119201
189.872436
222.364105
-36.425770
247.847930
251.049900
251.043089
218.890836
56.080152
146.477837
179.495819
235.276266
237.145978
235.530530
198.568818
193.870211
260.496471
230.145091
236.285703
212.848527
231.852856
270.122455
239.185694
278.056584
214.374107
251.063650
189.049496
245.812947
210.656662
204.546195
276.893763
186.194636
253.347207
263.697545
249.362677
284.717382
233.552377
265.141643
278.428676
266.320327
269.511644
230.301896
235.767834
285.225248
187.378604
207.353586
247.450937
261.023772
280.652309
214.941749
285.896214
268.019047
232.553460
268.158484
283.312850
246.083072
262.082795
285.469421
-131.459274
210.140398
274.052393
216.460070
239.441948
238.251173
217.639949
224.129921
272.006396
198.688241
254.279544
293.380106
239.237358
269.417591
221.497192
236.325644
184.003029
231.161155
298.133626
226.301984
241.145263
245.774323
245.761135
205.568272
268.138412
269.180804
256.166665
217.775150
199.758906
204.742646
246.262573
293.239963
280.263112
259.111295
222.743437
303.004503
227.419515
209.645195
272.666674
270.965267
230.854709
236.226028
247.053269
225.183883
216.520731
270.363763
5.069036
202.270981
243.364187
-55.785265
271.372779
195.248694
200.212146
214.760686
273.281903
282.294748
225.737726
267.039233
216.964014
279.816881
286.312715
238.862636
293.624201
256.262894
223.175155
273.409398
271.667970
214.736871
231.669880
256.961889
234.568533
230.934558
239.632694
240.391463
252.469016
264.749152
250.071901
223.023208
217.968565
232.428329
89.566600
253.704472
223.285093
247.692835
267.318003
246.386387
239.652257
259.837882
230.829980
133.718643
252.876840
271.895873
259.924763
236.958735
243.988741
214.858280
267.793187
193.149342
278.460222
264.500051
249.773078
252.501759
209.734875
253.535557
275.491397
285.640518
201.216437
293.337982
155.283344
225.370304
241.094581
244.319301
301.321167
294.355604
269.976933
293.484523
255.425141
261.005597
297.984716
284.675851
258.849323
281.415305
270.608127
244.554895
204.193681
276.265866
154.620412
247.645820
235.424971
293.726871
273.636642
255.957705
280.503693
293.221103
252.146358
287.521017
262.374441
272.577044
267.640333
56.265338
269.768688
258.498780
299.376395
292.120441
284.479886
229.478577
293.858191
67.325323
252.076821
276.280009
303.965032
-80.791687
240.095915
-43.373551
263.364272
249.526116
260.357962
118.799932
212.298624
200.549110
233.511049
265.385684
249.605974
254.794244
245.979760
230.444390
212.099548
16.100208
301.712820
113.672555
254.701457
251.185047
245.771407
10.741719
286.526785
233.131259
190.639252
274.705559
233.714051
239.545148
247.942696
207.998139
271.973184
254.008616
261.033957
257.555847
255.991992
249.373550
237.673144
262.457123
133.056094
259.492432
250.650498
256.940911
255.962687
38.534708
254.695977
272.555576
274.500013
271.088946
295.859294
246.721508
218.739686
243.763066
260.667713
243.488021
224.980522
246.157011
221.675727
222.863673
282.231775
264.470502
262.727393
212.103848
300.127593
268.784398
296.587100
284.709310
246.963844
260.695386
233.610826
273.751903
292.044907
265.143544
257.078567
313.240733
298.825954
267.660841
229.745015
236.744996
