-277.460443
-460.755997
-98.183289
-124.836595
-158.014152
-593.035460
-108.378113
-473.738556
-366.812842
-258.294784
-262.656757
-411.929456
-385.699561
-146.333220
-141.655519
-139.583708
-118.282738
-168.269032
-107.131087
-91.192571
-92.642052
-157.699305
-133.039488
-143.164242
-174.255966
-127.393517
-110.525496
-120.447858
-65.587188
-153.631727
-135.848894
-122.261455
-190.777015
-138.437550
-114.859391
-12.837076
-86.414797
-101.550017
-125.309092
-117.053466
-135.078107
-165.178793
-317.377581
-444.527211
-522.832762
-132.709920
-661.707087
-260.068275
-406.175269
-542.094988
-200.767544
-167.133208
-187.926790
-138.765782
-148.036841
-171.723802
-100.564005
-145.829829
-162.755190
-150.307935
-143.919028
-142.062213
-100.469135
-128.908175
-113.471957
-147.425933
-117.117409
-132.737061
-139.763563
-132.595777
-162.475281
-164.123605
-100.728757
-105.515070
-110.014793
-58.848226
-118.083512
-130.933690
-157.363444
-160.271596
-145.853222
-149.217981
-158.449588
-166.262627
-170.708893
-159.449764
-91.522045
-170.725813
-121.248378
-128.869403
-124.455900
-103.932418
-140.026167
-142.789536
-173.566248
-129.357673
-89.908957
-129.484761
-120.600713
-128.315687
-106.740741
-94.515969
-108.134560
-110.680198
-113.079213
-130.219786
-115.168557
-132.326644
-130.098663
-152.216066
-80.022176
-156.956845
-128.769558
-136.713345
-68.462012
-28.125435
-140.789297
-140.509438
-136.344991
-96.541530
-122.434151
-153.575988
-224.495919
-51.307215
-149.106111
-123.196095
-78.995801
-109.487403
-92.087505
-116.950407
-120.492179
-116.704695
-70.393547
-121.341126
-91.015967
-77.475571
-105.586447
-130.900154
-108.776752
-96.474479
-123.534094
-130.712164
-106.999753
-101.048979
-85.628851
-86.078098
-137.761632
-155.918196
-99.736277
-107.610358
-112.505346
-54.078392
-112.257333
-61.951627
-68.609457
-34.922504
-112.025911
-114.556158
-76.224047
-102.180858
-104.819496
-129.844383
-92.456330
-102.417991
-132.292663
-97.355972
-85.541880
-113.512249
-92.690674
-109.088917
-77.625776
-112.594539
-99.497912
-75.284500
-103.458074
-50.881602
-81.998932
-53.774240
-71.886974
-117.756954
-68.385105
2.309190
-104.139314
-219.518976
-138.731434
-154.541007
-89.693129
-421.408887
-89.979513
-112.836591
-125.429706
-113.957125
-101.865355
-90.281559
-112.616301
-176.571860
-10.085553
-105.641580
-133.665938
-65.605889
-44.615923
-79.594765
-73.766867
-56.724120
-114.757462
-80.754014
-31.893615
-251.742311
-124.028321
-10.934745
-182.935538
-99.549389
-17.134019
-26.954568
-86.261975
-120.108000
-102.109107
-64.288094
-77.625137
-80.170022
-145.289102
-144.801614
-86.510895
11.146128
-132.814771
-87.922363
-41.140601
-111.191507
-61.807854
-52.759506
-128.967719
-71.094147
-22.804580
-75.533855
-86.732205
-101.805367
-44.087761
-109.509126
-24.242539
-65.683168
-87.443406
-89.825761
-82.590815
-96.920901
-90.138351
-122.147494
-63.195953
-130.078762
-139.074527
-141.947145
-80.980527
-93.517957
-58.518787
-148.874883
-73.282990
-129.380642
-101.828417
-86.993917
-75.163517
-123.645565
-100.974531
-75.471319
-86.245797
-114.854762
-86.435907
-78.447941
-92.260028
-72.423478
-57.996768
-117.307412
-110.396887
-79.248140
-135.607937
-64.416150
-105.787034
-65.850274
-113.606983
-53.595421
-20.907867
-99.219155
-62.673092
-87.676014
-56.292244
-18.064439
-76.369435
-53.757260
-69.057054
-43.123115
-48.788938
-75.023284
-46.990981
-58.761863
-49.748485
-12.339370
-146.105727
-104.797663
-47.632914
-60.838104
-73.511172
-10.446179
-50.058018
-5.951154
-82.774384
-77.238239
-54.090663
-43.685045
-62.125475
1.963868
-51.870308
-56.519006
-88.588919
-16.751964
-96.722173
-47.516408
-46.130427
12.766942
-20.811114
-8.774507
-1.817356
35.732346
1.780282
-3.208638
7.403670
-43.525389
-3.950631
-19.810442
-45.199153
-38.352291
-30.009920
-2.832484
-106.662658
-59.554324
-72.526551
-46.011211
-76.515662
-8.226918
-40.896235
-8.442602
-45.666610
-30.945039
-21.620321
37.535811
-16.727534
-48.479820
-164.213497
220.855990
109.026990
167.730521
-92.297868
-79.966097
86.701220
99.491826
-85.329633
93.870973
120.306169
-80.916950
130.181857
85.668341
74.806044
209.559627
103.378943
86.611702
115.557535
70.069129
68.687679
17.163877
-18.055368
192.084744
-26.495371
215.635551
134.565599
168.762916
14.423199
-57.814153
187.437225
240.462363
174.597645
245.803272
202.280867
-9.610218
181.364994
248.468113
-53.978937
264.516544
-17.810066
-70.326850
268.299203
240.548964
15.412710
-32.395282
148.055239
-20.450309
-0.620040
187.885931
158.826989
217.400491
-184.661599
-283.867558
-173.406404
-176.145522
-104.942520
14.198912
6.738445
-59.116924
34.932619
-75.163343
-194.133025
-16.662239
-116.841904
-102.442939
-10.578690
-154.513050
246.774790
-129.093560
-106.594323
-122.582107
258.556476
32.786342
-118.649144
-116.564513
-179.628815
-98.020361
-99.378831
-91.460563
-96.408180
177.434770
-69.381359
-29.266082
-92.783919
-98.481856
-144.773109
-212.498218
-145.597305
-94.059880
-51.967348
-107.308291
-104.295008
-113.283684
-89.197149
-96.145918
-373.105560
-119.212023
-106.165380
-140.431488
-77.758099
-109.532932
-113.121903
-24.781102
-80.609305
-113.982512
-23.896871
-87.173516
-29.860864
-17.472519
-75.869296
-55.902995
-55.772018
-60.873876
-47.810027
-66.479349
-122.600858
-92.998983
-93.315906
-56.505397
-118.050396
-57.009234
-119.279959
-114.062715
-88.586694
-76.449043
-106.432612
-86.116860
-114.686749
-81.421661
-14.410547
-116.978536
-109.086838
-78.429280
-109.531148
-115.547895
-48.715115
-110.805953
-84.186594
-102.922307
-129.130740
-111.984721
-48.592120
-86.350249
-32.848716
-76.453943
-8.903128
-61.802431
-34.609841
-20.370719
-105.621107
-12.519391
-39.144497
-60.811420
-67.504832
-66.699311
-41.641540
-19.887998
-46.926284
-107.353655
-29.502428
-33.234589
-5.963943
-80.769592
-70.025139
-18.272464
-31.071151
-81.925916
-44.223581
-77.676959
-86.887227
-114.308581
-106.927760
-68.057749
-91.458438
-80.553139
-83.774577
-62.012992
-79.297852
-97.496846
-38.550435
-52.960192
-36.268231
-68.475351
-52.173396
-59.010061
-70.429512
-14.039374
-51.517994
-9.468664
-25.023245
-57.689283
-65.700463
-76.646875
-69.989673
-66.407477
20.535050
-27.936482
-66.664649
-54.488255
-28.007753
-61.539628
-48.198104
-56.898335
-68.653856
-11.410989
-66.864209
-43.108447
-69.507782
-48.950241
-18.755160
-29.040771
-55.049701
-18.555048
-16.077252
-77.091930
-89.327593
-11.920172
-94.086860
-57.191149
-43.050157
-80.284770
-71.457725
-90.254339
-56.227950
-68.178472
-55.488913
-4.718728
-109.544107
-54.667307
-52.228232
-90.345648
-55.710416
-85.724402
-39.106682
-40.082924
-43.162742
-47.481814
-49.298343
-54.331466
-33.930261
-0.662923
-77.765325
-110.152737
-4.339572
-85.579801
-3.942168
-78.647835
-16.553303
-54.107653
-153.926813
147.639732
187.174627
-78.130109
250.849574
-68.562318
-81.022543
2.986406
23.344654
29.692639
-19.329120
171.873399
-48.051500
138.501287
143.388396
-114.960936
-158.712875
-103.179200
-60.348391
-21.360313
-44.947924
232.619933
136.611939
-105.748351
151.123173
-97.546084
69.867566
128.056796
2.269554
163.447602
-57.650537
-57.719293
-52.983273
-46.766010
-96.065002
-123.646839
-58.165744
99.973864
-71.046732
-184.479288
-123.989277
-24.322407
75.586833
78.127588
138.648655
135.869756
149.989875
-29.299154
112.999804
164.811363
206.744293
119.976585
188.816689
36.727114
221.011050
243.833351
261.594275
204.461981
181.821319
151.115009
233.380558
-82.989898
-74.999449
228.420329
-13.562006
282.256897
178.606917
-97.397045
202.386117
106.151974
257.002657
21.341642
192.626907
28.414158
-51.230277
248.620110
49.780557
-15.981674
-121.589721
173.429543
173.819730
237.881470
173.578160
137.949684
210.936070
199.206348
244.130536
202.709275
230.870834
264.230314
204.441142
280.948588
213.730891
211.325450
234.276570
-16.735413
228.612420
205.786346
273.138624
223.420226
182.090007
229.077568
243.022192
216.520839
227.525977
233.257157
248.990367
266.401992
25.221161
268.564641
286.143343
226.575616
247.900641
-23.407360
249.496587
263.547365
237.317928
127.653938
177.857022
176.889039
272.107692
132.612252
201.466200
29.342654
247.063716
289.293662
217.341426
14.652280
233.520533
270.336517
209.404771
171.653822
155.206861
271.967958
-44.027363
92.318242
163.274433
56.752241
-61.975803
134.840722
-11.398828
198.717661
236.483612
202.297722
-3.734729
172.950921
92.211385
17.372890
21.880969
-60.341135
245.693740
170.388172
31.798774
-44.949715
152.047751
237.858235
177.302393
190.874719
249.734932
-71.924678
250.082298
219.550333
19.529812
262.668142
288.636868
237.439881
-27.912056
262.667479
224.886512
164.572477
234.094209
189.001375
224.231213
45.660531
233.128140
44.614455
212.768953
40.446853
194.214067
234.661649
207.389450
234.883012
288.528048
192.496481
275.854879
190.812796
-4.559936
185.518604
243.325657
247.799015
201.429976
48.722586
248.022182
281.344127
259.557687
181.424388
222.279218
303.406881
278.439548
32.822913
268.894280
298.046519
231.248818
214.769917
16.714470
278.103244
263.667025
262.078387
261.935263
256.611964
246.784088
276.773148
258.528383
295.220200
274.829493
267.253973
252.765211
192.415364
215.827493
270.485322
272.397892
215.222040
214.268104
279.814407
193.087778
226.089724
203.578679
269.523304
32.502939
256.178475
226.124055
212.190052
209.837882
255.976704
247.492607
244.014176
-207.085079
274.153323
269.601731
232.073890
208.103701
172.238386
190.549406
222.592599
220.308458
202.584245
162.490956
269.275488
157.712308
206.390482
231.490515
146.839201
294.531442
275.802493
187.037385
212.203568
206.414828
204.681355
171.215999
-194.799662
225.686300
262.074656
247.042126
205.468997
211.155226
233.792216
169.003066
253.686351
204.512249
-74.030652
240.172306
273.675483
-45.302150
250.134991
193.282780
169.336206
199.863714
268.900513
244.634512
-37.926534
212.939122
256.099933
180.240060
201.242693
237.255464
260.510819
229.863488
176.341155
-57.043306
282.083184
283.778154
260.986827
258.879926
148.009887
211.672490
-61.785610
270.186526
231.586874
99.922706
279.109414
247.835991
139.940527
187.862200
-2.943701
184.354637
179.021584
260.342440
176.091727
-46.312560
194.924436
-18.114534
-99.371370
-80.759813
-74.093244
91.044691
1.567304
-57.822725
-74.868643
-66.401721
-49.438337
-21.060198
-29.745489
-49.648312
173.612899
-25.772763
-162.730110
-98.986206
-4.654617
-179.880335
-98.696791
-34.247172
0.988143
-59.293172
-25.088648
224.323114
-54.418908
190.935673
68.658835
183.917639
-34.856228
231.062681
-51.364135
185.594148
218.605846
270.410411
127.776132
-61.049168
182.274689
251.180930
193.996926
181.143983
-139.794355
238.840141
1.830808
-13.093384
-54.929087
18.093383
139.173930
57.720072
204.146432
108.694548
132.302095
178.366293
4.016285
27.919621
20.809897
47.128726
200.005181
195.830932
-6.069865
-33.450133
173.317713
227.099151
156.592835
224.116142
-71.491898
266.087949
250.859064
-119.236391
186.308136
192.770157
198.390564
203.565962
-66.409669
245.696417
199.376214
-171.370629
166.554655
-313.908595
-261.654882
-204.069433
-103.885029
-332.501885
-140.081917
-131.173594
7.406312
-34.072851
-46.872880
-107.255140
-61.965166
-26.463589
194.814924
167.453423
-143.784708
-240.580686
-57.484792
26.425241
-136.617431
179.585090
-212.720421
181.544481
162.987529
215.749302
-3.770041
-32.727897
-32.633170
212.883190
-41.983161
190.779055
162.171706
266.290802
217.684047
222.889284
236.335441
202.771478
-109.907750
225.117406
209.032074
-24.473255
182.536220
26.628240
-9.326173
220.157913
213.157980
200.470360
251.406710
171.709565
186.229380
198.720097
-0.325266
-21.816732
50.171157
-91.788291
-78.744272
-34.232090
144.424489
-67.158440
133.213239
173.077167
187.897002
-46.612777
-74.202791
218.453137
139.452006
248.973983
200.669350
0.764659
162.789603
246.543789
191.241028
160.577420
191.730654
170.880191
219.135212
85.599177
137.266328
234.994921
196.331347
209.853478
229.700552
220.991009
185.682042
194.809146
181.262018
217.292368
214.276057
235.456956
89.798675
197.194347
237.510921
210.109983
220.982367
201.801065
258.133653
250.983650
184.954759
230.838563
256.324903
275.118346
289.952054
260.286892
247.815971
-19.927011
270.066845
274.343579
225.825791
165.107695
94.294844
228.171103
194.177573
267.766819
248.960441
222.633027
279.767326
264.134061
280.423870
-49.362940
263.808118
211.437105
264.549416
253.928322
265.014569
264.338472
247.756478
253.085969
247.840646
256.738688
253.440536
243.133011
265.251176
269.348158
255.306287
224.847423
235.382812
288.726117
253.443406
217.291994
179.494226
266.838587
281.998817
237.678264
260.162755
259.124947
249.094635
218.573688
124.969348
268.006715
245.546393
254.182690
268.572264
283.253041
255.531020
296.363078
234.933857
240.847399
302.658311
237.639294
191.887626
219.908135
230.517318
-32.318462
289.685195
276.340979
259.313388
236.375954
237.455274
-44.490393
251.056918
251.471480
246.329820
257.075511
271.139891
232.054273
266.258781
214.907729
-47.904660
-3.628689
278.296145
-8.694743
-2.642688
262.283781
256.647213
220.922156
223.606229
273.640903
206.350133
293.045546
-73.802041
240.241380
208.546846
217.465929
266.849830
242.501975
248.677802
246.002365
249.518991
181.362419
185.740147
184.435188
204.653187
237.224502
244.553702
212.303643
238.022347
249.614920
222.885360
250.345880
265.368933
281.255979
258.730903
276.748164
256.268215
261.073763
269.627098
285.871039
284.804700
189.175092
236.807697
291.681985
245.610438
268.588414
256.626782
251.133730
228.527157
308.729720
269.121524
232.030964
214.838886
250.760157
289.681390
248.230822
247.072221
300.022653
267.131311
205.028471
263.122955
231.260713
264.195347
267.156251
250.376358
261.079478
275.797403
306.108073
297.841976
266.036291
252.183017
291.880137
35.222440
239.663667
287.382446
268.931185
271.185848
268.573746
113.570980
269.504976
280.995372
224.889341
292.735982
304.901021
251.376181
268.012627
270.509556
290.252398
253.147735
272.480866
230.803245
227.111961
262.577159
298.018968
289.337318
274.340637
269.774475
281.843070
263.559211
267.044576
306.193556
264.079198
259.772997
286.644908
258.762455
281.229140
259.945220
299.202949
268.642980
286.856912
260.376549
279.274940
304.822102
259.784354
267.093078
244.045571
288.456313
280.147797
281.963976
284.320933
257.551811
231.398664
310.309273
292.579760
254.606871
293.934303
254.940089
284.844769
284.503048
290.834297
282.458583
251.748910
278.957466
265.542573
271.153347
268.314263
304.027256
285.796829
251.051820
290.881314
278.145259
288.040104
263.730027
249.899701
290.526755
310.671258
279.644015
284.330085
235.310217
263.046299
290.125808
265.862406
247.569167
243.959350
284.837473
297.662639
249.471764
263.340252
259.529865
272.617621
284.852140
267.849842
261.119680
268.641352
275.314974
277.714573
290.743965
258.746358
294.810880
275.324651
269.386251
288.797133
300.396788
268.447362
262.569586
271.206811
268.622022
289.791869
270.074880
271.128722
295.522709
276.440564
313.215558
279.156243
270.504404
51.289811
241.627828
270.977258
239.894956
310.423442
260.537902
291.493829
249.695550
306.136993
307.261655
271.869527
263.767846
264.151011
298.060616
287.270481
262.820663
11.906728
241.095323
256.653237
294.353937
279.044055
284.016944
284.712258
279.493889
292.349669
301.196972
253.735778
270.112759
308.404502
292.557371
-3.084943
258.707165
259.675128
273.480695
273.944187
61.721818
252.758908
259.639728
283.340762
309.076235
281.809432
258.540871
259.308998
262.975441
250.469905
260.869770
278.571782
292.698288
57.414304
248.787297
280.498847
264.621652
278.080245
268.103599
268.063389
278.909568
269.406478
268.946187
257.622549
270.945348
298.490688
303.789738
239.706870
259.977964
250.727530
301.860767
254.430393
260.444380
248.923611
304.414384
293.487236
264.610524
295.606764
269.125361
264.320703
294.751765
294.407340
248.878909
259.688123
276.065620
260.448012
232.034385
257.960167
253.298139
301.512882
241.993687
281.910851
269.788692
246.029623
282.567392
248.659903
272.247551
267.511399
285.793141
263.040057
283.484550
233.024143
55.407483
291.969524
242.058988
258.108662
249.619211
266.551340
234.398260
258.159698
276.406539
293.671369
264.415195
246.249900
285.159064
24.044986
300.504913
13.721364
271.232548
271.635323
266.737886
251.792443
242.720884
266.961929
277.930840
267.355924
274.375036
298.278369
236.570641
244.978267
274.376597
266.280684
282.337036
268.940689
277.893981
287.966291
253.543658
244.092491
280.549409
268.238859
264.575387
259.982133
259.545227
277.979836
281.906829
287.644293
275.440355
155.460019
274.117588
297.090943
243.154815
282.765168
274.311417
254.365194
260.791755
280.020551
264.044276
281.474970
292.517178
253.196209
282.323166
240.011448
256.050943
282.885245
240.933422
231.445558
251.030277
301.386684
272.482501
292.842966
254.151875
284.526367
303.260418
295.965516
257.960244
241.865284
277.489413
307.451129
263.816771
267.561516
265.423253
253.840971
310.323469
299.283261
287.624668
239.807804
261.534632
264.953131
280.229890
271.863509
281.974086
313.126284
301.739139
277.875425
286.240230
277.083597
258.675967
295.358870
276.610698
248.569569
238.902725
251.878734
254.873608
258.705666
289.083282
277.522997
294.936048
273.279256
298.392349
285.571905
281.308549
297.483476
295.732519
266.585197
255.362973
297.232997
230.416039
299.637461
303.053095
233.339249
290.116173
280.346435
265.097891
257.658036
262.295534
282.298374
284.458801
302.872027
258.141867
271.769577
287.844896
292.289845
223.377714
265.755973
287.295718
284.625209
290.806727
300.660398
279.293254
248.985560
237.713313
272.379350
297.063984
274.662626
280.399037
253.088849
272.747115
273.317758
259.643683
262.170254
276.369277
275.134292
299.432082
251.532658
243.948128
293.585657
278.385544
282.390296
293.471320
263.099694
298.402763
294.505575
295.958506
249.256071
295.992972
284.506843
264.593170
276.041189
265.655385
264.362716
288.141181
291.113095
285.398009
303.449164
285.461795
58.926230
300.178575
10.595881
274.090652
309.970727
272.434256
276.643162
251.205288
265.019153
244.074300
76.481056
239.427318
248.151147
227.534056
262.180751
290.486085
-667.158965
15.735893
236.103186
258.995427
227.992545
265.463931
265.557555
266.939110
246.651166
243.671103
214.461117
214.946390
213.501311
174.934627
225.934951
220.026685
204.130722
187.239989
239.435411
290.219939
249.287148
261.505085
289.387665
264.649355
282.333267
268.304091
269.882477
231.923021
252.639761
265.707350
301.086101
234.647184
257.049043
249.449633
244.880865
270.400183
281.493216
290.154545
204.509167
223.415550
237.295010
274.654758
276.307268
278.102427
307.643045
277.639303
74.911862
284.874622
291.231341
294.043627
280.969668
278.048468
250.134921
266.385321
292.298935
291.260140
273.002551
291.106453
266.031202
248.535190
252.584150
244.340367
269.166674
224.539591
279.810375
271.237442
226.442828
264.487267
269.709222
284.649980
236.609074
238.058730
266.944743
271.396164
295.106819
268.648082
285.162388
241.901037
245.910979
266.464897
257.673664
294.590671
251.752307
71.156828
245.986103
39.664820
259.716091
-95.233459
293.237143
10.948153
24.110725
-17.881414
24.968060
281.218576
284.152820
20.412684
300.569790
34.122624
252.336392
253.747239
27.239437
268.075476
-7.257514
-34.092535
215.491089
25.220487
242.812451
10.449832
201.947819
224.482972
224.570867
263.440271
273.754932
249.944585
246.396503
-60.876521
265.959081
255.468265
262.464681
265.632398
-61.522933
241.152661
236.793729
257.715176
230.345533
240.806334
256.522497
228.823481
249.290249
221.137266
283.692102
256.089919
255.488868
193.080680
211.478661
246.484894
216.876491
279.333874
41.639970
265.077207
42.364223
286.043440
263.745269
240.299440
249.043247
274.382822
276.336833
248.259896
249.177551
256.439967
200.547252
190.588064
264.980464
227.000697
227.509825
290.119699
243.745313
249.010629
245.330307
269.935260
285.067356
232.079592
255.865936
294.045161
242.888825
239.539331
232.413090
273.244137
260.468941
252.938774
237.667903
303.958228
260.233183
270.893930
271.772426
254.342626
263.313481
270.802064
240.591359
237.063936
257.603489
274.665047
300.111159
263.923345
222.820113
267.047966
293.162194
243.709295
234.884471
308.147362
236.616940
282.438799
249.620759
274.726420
242.384131
27.596180
262.628211
293.769386
293.972514
252.109854
256.772626
250.334064
260.976439
266.505591
263.881262
262.543216
269.435243
265.274720
234.900154
263.211944
245.931628
225.464133
253.538026
270.675178
263.413536
267.852688
266.484359
245.887023
307.771032
60.779438
288.991495
269.009199
286.921590
271.377474
228.652220
239.209150
273.689526
268.755261
272.504728
256.599557
238.187861
253.272492
240.471456
220.304805
297.617300
-348.902649
285.218135
190.587887
187.521553
254.022517
238.885848
250.976838
252.997810
273.517901
282.182642
294.621612
293.687551
263.540112
232.128894
248.637277
268.615399
255.067551
261.685654
278.765191
223.975868
289.932856
279.201817
236.431327
286.820902
275.553125
288.603320
219.516488
222.709835
218.341822
281.330600
297.617456
262.740104
284.989894
294.075059
283.395079
296.219073
234.398246
274.256686
253.864461
265.225369
40.800637
252.162417
307.437642
240.691409
-11.916974
245.380194
271.827766
32.746691
51.456681
221.118228
222.407473
257.824827
252.547822
256.139782
281.167475
11.237517
266.562982
233.432460
38.206199
237.944924
223.681613
264.141777
253.220206
258.772545
213.481573
267.331056
275.408939
209.869573
38.384086
219.576370
244.936714
200.991001
249.749008
31.261210
247.062653
259.110075
244.346681
259.219169
269.151377
239.567130
254.258152
237.154876
277.303268
250.593464
227.725589
242.438557
310.521891
276.296473
24.772315
309.852410
262.219909
306.829372
270.064682
295.619297
212.878206
298.973767
251.067666
290.570971
253.307997
292.467095
244.467783
-175.722796
274.294618
53.662809
4.761025
49.005095
207.249167
290.365069
239.922153
283.882710
183.965574
229.945197
280.597451
256.250383
255.869701
290.036161
248.793568
283.246543
253.383884
264.862298
254.276193
246.774407
242.402229
253.638861
269.011704
262.842264
257.346601
258.142685
285.262140
240.480812
269.595900
264.204577
263.964977
209.920422
280.499036
264.648365
264.884889
231.677425
268.922567
276.518515
287.574433
286.248823
273.737363
237.969993
249.205311
273.385821
266.779939
286.564113
281.264038
243.892412
249.901230
257.871467
259.993429
227.928595
270.240743
280.395259
260.756166
30.083759
18.940637
263.293836
-85.490849
289.010034
16.063163
232.136128
283.198646
260.984901
219.732498
233.597647
245.460602
237.087790
239.300288
237.765201
223.051264
256.508107
241.071437
266.207076
258.496630
254.889154
261.160646
212.375725
263.667201
265.725192
257.654340
268.292694
256.668882
301.466223
247.681163
268.359138
252.039791
285.460926
258.243421
253.915438
274.592851
263.049301
280.562663
267.092594
266.831082
271.228331
242.306897
274.065299
276.583631
285.272181
285.161641
263.246811
258.777387
264.490166
240.207892
254.850066
209.519178
250.877959
244.495570
291.705796
121.430498
257.330071
263.954479
252.985986
287.656721
283.612719
231.448741
251.281041
311.108944
232.676260
266.659075
272.931545
240.667753
287.727606
265.688653
289.566153
261.236447
220.757947
252.174321
266.187341
245.103297
289.412032
254.627760
255.091005
280.499953
236.637148
265.523377
296.577087
264.569229
272.489619
233.863268
292.497241
267.855346
257.487706
278.169643
251.554026
273.408680
285.625773
269.957257
295.636696
274.982318
280.050214
275.293092
264.285987
253.216987
285.912191
284.663813
263.823603
254.139377
283.103676
270.857799
258.752080
286.797146
271.740964
236.170299
254.209588
270.639871
301.152792
241.722044
271.859113
71.007744
268.453625
257.282630
269.943313
237.913584
269.711570
272.534053
56.531201
313.513304
-27.908664
273.349998
292.801327
273.446690
275.261049
251.808363
271.460639
266.705300
288.748073
248.650845
251.324326
242.248680
287.469617
-42.884020
229.155871
278.239482
261.322297
279.129112
281.027467
275.067479
270.750727
263.439986
248.926010
233.818355
21.445742
271.838813
255.824364
252.458992
264.242292
284.041329
281.690682
269.019160
221.714144
296.886390
283.744240
285.166842
316.960144
262.574937
263.982501
231.917720
233.033682
255.522829
276.752858
250.796720
291.992602
231.038031
64.055570
276.174987
271.463143
268.557271
257.309964
279.594629
293.082369
262.982505
260.790093
306.145469
285.009627
271.674418
273.697248
274.790746
273.067850
272.954406
290.739286
281.542800
255.981211
272.755261
293.688645
268.801598
261.646310
289.537235
290.891493
285.788103
281.824312
230.934676
287.957643
267.964621
266.500989
289.641463
267.774048
271.724539
162.719304
241.454059
258.592878
295.573288
280.113402
278.892297
244.071811
247.623763
295.428106
243.077783
260.859428
297.004898
281.177343
269.577660
303.074954
267.670515
249.128189
283.728728
266.683780
285.198824
283.797466
253.242275
210.427114
235.792130
-69.913094
246.718916
226.605443
246.264446
260.355318
233.874845
248.841284
278.078135
249.000696
293.305347
278.984606
279.708609
0.499128
262.763090
245.006325
256.909550
264.653918
276.426351
285.490799
253.446869
281.528984
297.718394
270.617837
265.255003
295.171381
224.540027
267.795034
291.740396
269.245222
279.465456
231.589964
293.157050
273.476400
-65.920748
266.043983
260.061526
245.679420
314.687127
232.823888
209.007830
253.763949
208.094039
281.568266
283.956892
220.647909
238.170058
250.584655
288.387016
244.211066
241.443643
278.791096
297.686731
280.522798
257.435223
276.926271
248.239696
197.206130
231.913704
239.069090
262.719233
90.323095
-30.747484
237.801206
269.733066
54.902778
265.219815
282.360926
284.874195
285.286310
209.641701
199.599635
242.336429
205.658500
252.315314
189.697975
214.534132
246.068564
246.182325
275.358582
236.938822
266.149379
219.040511
290.293334
208.083709
245.352912
270.296279
222.341585
209.597771
237.483426
236.845659
267.434500
264.891795
250.465358
275.598191
263.611601
239.401532
263.423218
233.325960
272.217304
260.736311
245.102887
283.962760
288.346983
278.732552
288.172067
282.808341
290.974660
270.173739
279.858242
280.933964
273.478814
287.697113
272.263520
225.751244
261.857636
248.626266
299.739197
235.667877
262.363470
252.243352
290.665450
252.067671
251.967151
260.676919
264.587003
259.453332
277.002918
224.376496
254.978390
267.007753
243.517822
289.599292
272.866154
271.864241
286.247444
250.461941
266.149290
262.708156
240.794477
283.890669
283.570770
259.547224
290.576933
277.486657
256.981333
305.022069
285.617462
252.705962
278.151944
262.013380
287.599426
250.485700
272.470086
238.778119
265.957650
263.968968
271.913503
248.358902
291.704133
270.049596
278.313743
245.820784
252.193710
263.406573
269.181798
275.750095
284.739515
252.570946
276.357258
248.198527
261.141878
261.649799
268.616838
285.669747
293.813238
282.265149
66.804624
280.041169
276.309811
264.394622
244.305620
277.146627
284.500015
277.888182
262.663073
271.566854
273.637028
281.538986
257.268611
277.031614
290.926798
258.986727
281.500981
276.569739
285.862268
269.821530
281.925035
280.000670
251.711102
293.088847
289.317907
271.731653
295.461091
260.774144
279.163629
268.921837
283.922467
245.421955
275.135966
282.895525
271.854617
254.065160
288.467934
61.426595
280.045213
274.943474
259.098317
285.094640
288.920072
269.302840
254.446485
268.911281
235.953449
274.086965
292.628353
271.383221
294.599273
265.024661
271.118794
296.650885
262.032582
278.024612
298.305924
306.653120
269.217315
252.612019
273.134654
271.085986
309.281539
270.796583
291.632555
290.648377
294.929541
279.053255
295.665160
276.282866
258.199951
243.441196
55.747743
268.605425
281.699427
280.307857
299.749650
250.311410
218.193523
278.595094
279.370109
282.597022
266.889381
267.834309
243.943332
290.853873
278.700544
278.293148
267.263346
256.517503
295.295516
294.578633
271.483713
246.577888
306.407535
275.349499
284.250482
283.017425
293.402259
272.299264
260.804050
243.726707
287.125719
279.703833
267.808117
249.906446
305.883670
277.506237
281.765237
242.453844
253.842263
248.952108
280.278851
256.802037
284.744444
279.439209
274.685677
281.544820
279.872966
295.060918
275.223937
289.697897
265.379140
295.730507
277.383176
246.105183
278.535982
236.363264
304.472120
287.588488
265.828729
290.479696
239.649741
256.563402
289.951463
288.120067
274.149116
279.571123
253.699035
294.715817
23.085414
300.784689
-41.919730
278.798333
23.330433
304.644140
283.424849
207.742023
294.644995
251.347869
288.409559
263.464679
312.177297
296.015823
277.010827
-232.430286
243.272489
231.767943
236.790397
262.008561
244.045844
261.540731
257.511367
280.915049
266.907229
294.493790
-130.540919
266.934016
265.212642
-103.976571
251.231764
250.585843
219.648433
253.354835
273.303413
214.301047
230.744881
245.010113
216.008234
253.345555
265.219334
291.578794
233.433501
295.237935
257.981619
272.222508
277.479336
240.656321
291.822591
275.706039
253.471136
273.135491
291.575488
246.585969
239.021216
240.766764
298.965315
292.821607
269.307802
266.953107
278.801927
283.204072
264.385284
251.094123
266.282726
274.099518
269.123972
291.953277
269.569348
284.743134
281.899814
263.610187
251.472827
241.116260
278.905275
294.026319
276.921770
257.529325
236.935989
283.010933
257.863324
264.299123
271.348172
262.802627
279.524375
243.338053
290.024719
287.331052
249.757097
276.427652
62.308565
274.766392
-305.495973
246.310361
257.473475
266.395366
252.514092
239.041397
283.309028
250.311909
294.529602
293.806679
246.673865
288.255751
252.169055
290.550732
243.456279
285.604235
251.247808
260.711191
270.630534
279.358824
276.977311
282.415814
265.773880
277.919553
267.438864
245.761983
309.211873
273.290243
240.434479
269.959969
286.703116
278.922118
288.917670
289.747253
288.702141
296.631789
262.950012
252.284343
269.460236
266.953178
286.821511
294.859540
315.938303
239.912155
277.177531
301.572211
252.901826
301.546521
264.612304
270.205613
236.472540
277.533341
245.091671
296.586745
259.409899
246.552030
248.738853
251.090172
280.388914
300.396002
274.081196
253.390875
261.856123
260.140004
272.704315
282.821070
258.788521
290.223247
276.763176
85.567856
31.548544
271.986764
274.954835
274.357492
275.342187
-3.983077
244.600826
282.566840
44.604576
306.081406
40.090204
61.168154
260.624615
39.613172
269.530448
266.565527
277.340506
245.839583
265.640164
288.325673
256.638318
243.544277
250.487143
255.186708
253.725105
56.093649
287.281364
56.097572
280.290492
268.947907
258.835164
247.160843
269.942066
302.821597
268.534889
215.283983
257.563029
219.124620
263.599722
248.039624
260.896580
302.051107
249.159833
278.134098
282.896318
272.307694
271.313918
-144.114192
287.306377
226.315710
267.709935
236.159478
243.156380
275.521784
217.914506
96.569750
302.734872
264.178347
247.504399
59.250856
-91.874455
235.129146
192.797754
218.074883
288.728785
238.082843
208.067669
263.227509
231.210933
263.022713
259.615939
251.934942
269.574931
281.364299
272.734094
-26.863605
284.507494
232.444757
232.870651
241.642314
207.541901
265.332814
249.979437
202.441418
213.243473
185.693337
236.551366
234.302442
199.582128
237.599694
245.621875
270.994640
276.039690
254.932258
259.862982
207.712587
214.831886
259.803956
274.163454
283.122551
268.428170
250.062634
79.954740
248.247787
265.202647
229.943405
258.897134
304.326748
268.810515
258.963933
273.971913
238.145711
280.394179
298.887485
243.651418
278.629505
280.045263
243.786207
290.081746
235.522056
51.936964
279.795088
274.434727
276.244110
280.876023
268.112679
302.728809
280.705689
246.683379
256.163903
272.161552
307.486332
256.021025
233.605766
257.811766
286.404227
277.149498
272.915050
274.281931
297.395844
261.432530
274.014787
271.970524
242.760043
270.190817
275.807624
264.771506
257.095388
296.829964
284.609535
265.473021
282.572712
299.383908
250.466033
224.807075
260.863454
269.259709
257.872404
301.986685
267.283047
295.075706
273.784649
80.532649
274.894612
288.220580
252.496164
285.536853
275.535710
296.891934
275.628464
263.099923
264.032008
263.021614
241.356210
254.749942
288.421013
237.162911
276.752096
234.874943
277.905228
254.199807
246.646127
255.117545
285.934563
298.782314
250.714384
265.895072
294.076590
261.752703
268.975849
287.532972
284.442639
252.054161
263.705069
244.219799
274.957056
272.936970
276.608750
272.945989
267.180246
255.067110
288.634046
298.176069
273.807531
279.272990
234.069702
266.737789
253.184725
277.714487
239.426341
297.190134
295.349810
295.607610
259.681953
274.209905
258.382472
252.719789
270.344460
283.255561
295.878218
285.995205
306.087841
274.792203
278.057140
274.584396
257.179768
258.817250
295.426525
265.537897
264.412219
267.056893
267.611664
279.477203
263.776664
296.423761
274.408282
247.960161
241.080718
276.317275
260.904304
249.991506
237.940962
274.411783
296.691748
249.894435
265.597234
291.078080
253.453447
263.535417
294.484547
288.224483
292.526840
289.787029
270.534703
286.746276
308.355413
302.174172
280.053182
270.353231
273.448887
291.480126
293.248337
266.729802
258.430874
274.568568
266.803844
299.804008
265.437920
249.192067
254.758341
278.965665
278.881660
