-99.173960
-305.853117
-406.896044
-600.644472
-227.735497
-444.710945
-154.371124
-574.815477
-139.629155
-202.827821
-271.612433
-25.112556
-233.527737
-1.922897
-173.366672
-68.113819
-128.178468
-222.709936
-346.276553
-356.062257
-293.438948
-192.020009
-184.873845
-137.452587
-151.180581
-239.206385
-129.790253
-117.125941
-112.686486
-147.805364
-157.504061
-141.390302
-137.884225
-126.620128
-135.238025
-251.805548
-344.248166
-109.350465
-527.297330
-248.749191
-187.518702
-144.133300
10.888718
-92.316180
-188.003416
-283.468582
-261.729047
-271.547472
-207.332479
-213.946362
-143.669705
-171.685161
-254.346238
-141.751049
-91.006336
-149.316792
-235.808003
-153.960094
-271.328925
-167.782249
-213.254939
-283.973163
-144.181098
-177.825976
-66.329450
-266.577437
-165.194805
-105.823968
-261.768234
-199.365244
-105.214382
-212.522964
-233.658092
-184.314288
-204.753300
-153.818541
-132.060551
-191.490925
-229.395075
-219.064482
-221.437166
-206.279307
-253.008058
-176.174142
-204.254921
-218.472132
-225.460543
-185.317097
-167.626632
-122.049929
-156.882066
-180.325537
-171.692742
-261.916576
-206.718348
-220.256320
-244.549223
-217.870017
-195.357209
-95.964739
-197.803823
-144.444937
-139.657118
-140.844867
-114.009542
-121.121130
-119.110103
-142.146771
-125.815422
-164.616153
-301.006244
-155.211414
-329.816611
-270.014385
-244.967494
-262.601122
-313.971644
-137.737642
-117.625100
-189.782627
-112.765172
-166.461087
-232.656564
-39.918341
-44.394436
-13.118426
-250.274436
-137.391779
-230.244824
-56.884491
-57.393631
-31.169904
-101.070526
-174.521778
-122.689487
-57.171960
-80.408921
-127.201387
-137.953910
-125.336318
-124.008170
-64.792730
-133.603375
-112.323335
-147.896101
-142.619730
-132.999340
-108.059150
-147.573700
-113.326365
-101.595962
-100.707558
-127.095226
-117.797310
-114.613468
-106.432730
-95.897905
-144.157158
-292.636124
-182.634088
-171.228294
-261.948807
-465.153311
-297.909838
-712.344289
-317.596987
-271.231324
-455.142261
-264.765830
-411.491832
-168.080374
-227.793939
-710.200693
-477.105186
-319.000877
-636.710154
-383.405592
-259.001026
-244.845714
-261.767540
-227.501636
-113.731072
-95.978849
-91.017238
-80.197253
-95.655235
-103.210651
-111.063001
-84.353053
-95.424814
-109.873154
-88.090824
-132.796151
-119.708405
-104.546443
-125.832024
-147.934683
-94.713419
-83.354216
-103.915469
-74.760028
-72.253779
-141.246205
-84.804732
-96.006219
-99.015415
-133.224254
-120.004056
-102.993380
-88.750886
-122.210216
-82.004778
-93.321350
-136.962410
-117.113297
-98.810495
-85.826463
-27.587990
-133.392656
-111.416862
-107.318408
-111.659602
-97.608183
-112.516166
-91.529910
-104.341152
-92.987665
-97.849179
-13.996944
-27.801147
-135.538834
-44.418183
-99.638361
-93.146409
-0.781243
-91.371682
-97.896110
8.340344
-103.687431
-11.851204
-72.620540
-83.390531
-23.321092
-74.745789
-37.286710
-56.778444
-27.747119
-71.804647
-87.587861
-69.716017
-43.351606
-70.282464
-59.215343
-65.006353
-117.038038
-76.038480
-35.574832
-96.219279
-77.960220
-56.789301
-29.176863
-92.000740
-88.076541
-57.303092
4.998864
-90.041280
-94.570371
-116.737746
188.594605
-104.575273
-22.655162
-68.541276
-6.893795
-21.855798
-45.650981
-78.882547
29.843239
-111.162226
-50.016868
-19.660430
-31.447269
108.068497
-97.551509
-61.522224
-22.642557
-9.412556
-60.421365
-57.215205
-75.530441
-9.815447
-5.946127
-2.344800
-16.455192
3.014398
-29.844352
-76.776507
149.299220
-50.063060
-84.950893
-46.777348
-55.637464
-91.525293
-25.701004
-71.965945
-99.702382
-34.610479
-41.781100
-90.480058
-97.621731
-67.442849
13.333146
-93.003985
-65.775330
-72.550597
-2.735660
216.857794
-0.791054
-4.813040
-49.568441
-38.487615
-61.295119
219.078136
-18.227231
-12.310557
-35.382622
61.650765
143.384210
-66.901700
269.880030
-250.763277
136.528832
-149.006068
-243.224799
0.889011
137.069770
-28.113718
221.732490
-187.765004
-251.798607
-176.519549
-163.691471
-194.796067
-65.215527
-228.273878
-135.250980
-174.156607
-257.308937
-232.553497
-127.232628
-140.313592
-173.310945
-143.297964
-218.307631
-85.264755
-125.208070
-92.484269
-142.949369
-196.269269
-160.650878
-104.532620
-74.835801
-117.998768
-59.938297
-108.716628
-84.603031
-147.510515
-136.506249
-156.785000
-124.427593
-94.078860
-141.946780
-35.118919
20.432988
-145.549594
-154.459123
-72.286092
-47.274750
-101.140766
-191.786058
-159.367182
-134.084880
-80.204803
-79.522409
-109.834494
-161.490224
-120.877814
-144.124262
-84.011101
-116.383173
-93.005061
-73.376994
-88.434382
-85.115357
-80.048837
-90.648647
-36.070474
-81.701880
-60.970561
-59.029773
-106.048935
-60.130625
-96.847445
-73.474694
-129.582572
-41.353568
-60.994721
-101.553344
-49.480082
-94.213058
-126.348821
-95.597798
-84.471020
-85.427601
-0.388487
-52.733015
-9.336809
-100.501052
-84.235544
-37.504873
-90.287420
-45.360008
-75.050569
-72.882923
-67.750768
-9.009776
-32.083141
-81.317206
-43.849080
-80.486035
-26.950557
-41.311905
-104.814974
-113.297764
-85.551162
-25.775089
-0.537079
-77.662027
-77.027045
-84.966595
-41.185983
-96.877166
-51.867897
-40.192104
-84.905356
159.258112
-70.934677
-91.639673
-12.422765
-47.038594
-41.015545
-61.144762
-12.501017
-40.281713
-75.008543
-78.207416
-91.119930
-78.821282
-18.704629
-85.053632
-48.627660
-128.943409
-18.845062
123.235112
186.034052
126.508590
-58.638809
-81.513160
-74.957133
-79.532329
-79.290481
-73.772022
177.516657
-11.213651
13.679578
-53.868336
-82.498614
-89.093285
121.785790
-54.136876
-4.880288
-111.016724
-96.464236
-44.398449
-91.698392
-81.616690
-110.263882
-58.825719
-60.760579
-13.055311
-65.988635
-98.581240
-50.540528
-75.876595
-87.435372
-43.436314
-27.060619
-22.701319
64.411986
-68.628092
139.029520
-63.143197
-29.524821
-26.368700
23.155166
-36.379776
5.715650
-36.844336
14.267892
74.314288
154.174472
-244.365571
164.429200
-19.059570
217.508907
-37.812436
177.622171
132.937603
-165.474677
207.454660
246.949842
178.667065
121.243928
186.132885
176.968719
147.917322
-212.792603
4.524862
169.349297
224.834728
216.704617
207.903812
-1.746646
-47.650697
169.810288
206.004932
260.922336
211.429109
-100.232410
-26.921319
245.643850
170.305767
156.992040
-53.613660
211.000569
205.599093
-38.193886
246.246629
-109.044035
-89.209625
-144.309762
148.334620
-34.884063
-73.486900
-299.806043
-102.440731
-123.717022
-100.705622
-61.867141
162.507999
196.423899
177.708127
167.329467
190.461187
-65.029103
-6.222419
196.462525
179.599758
201.774055
161.296597
200.469298
182.121718
149.724105
237.877976
253.362954
162.226236
265.821801
202.708846
-0.214235
223.433652
250.689243
210.313169
214.541297
222.711298
180.399378
192.555661
-31.874902
-30.660645
169.332060
192.798562
151.119376
181.875032
198.476306
243.110482
-41.072342
-20.818593
76.379280
197.147766
148.335906
166.138971
233.420180
189.159181
214.221091
205.414594
194.518992
193.582577
-75.358738
-100.061522
161.741537
-64.706270
15.585700
187.210546
230.986300
-15.498702
187.075594
151.401687
187.573420
212.527026
-87.516024
199.849446
196.309273
191.741137
-51.614613
198.197053
-101.851718
205.194772
212.830545
-77.502906
-15.725773
206.056556
-68.251820
-63.211000
32.320189
190.972957
-18.030621
5.656265
-102.538914
172.299943
-31.449699
-77.610662
140.480726
-34.999963
-39.039135
-36.166669
-52.549979
-79.732781
-24.149728
11.508561
-47.006213
147.800032
194.766141
234.979610
180.778327
-52.446049
-167.527671
162.668739
162.654615
-49.507500
-23.344927
206.855499
205.520570
-15.337908
-84.030473
-67.391765
112.025143
218.301607
-41.589265
219.848615
-147.089187
10.883650
156.423389
-87.334866
-87.999683
-64.514250
118.476235
185.811312
180.964619
184.597967
-82.354090
49.414057
198.655420
-123.813746
-91.562864
-92.786005
-61.858091
62.057390
8.067206
-104.637600
-66.987092
-136.694867
187.259937
139.906766
60.084147
-41.529839
174.973111
8.543675
232.739951
157.335631
224.311832
181.791857
208.920756
230.832269
178.179237
-60.195687
173.413987
214.451676
131.580366
128.848996
194.497649
187.013068
211.312615
-101.315164
254.727892
209.573736
237.625262
230.674936
220.268674
256.170847
241.651405
240.838412
220.716842
258.768986
228.727079
221.640701
255.760098
237.234612
235.257948
232.610879
221.364720
246.190160
245.092596
247.838740
240.417844
231.385190
252.240260
226.338403
221.153618
237.662132
219.340513
229.619904
248.829877
222.304992
271.376997
210.123087
186.916941
214.222816
154.105322
219.852588
229.959294
202.159307
215.156115
211.433393
242.690494
223.856526
216.252526
181.303554
220.146130
233.123992
185.962294
-71.262980
239.607255
232.962286
186.270307
237.914548
258.019060
249.311892
229.608684
257.965386
267.431215
212.599752
245.923263
-398.672790
-129.813865
-140.455383
-45.524584
-39.868947
47.640251
222.305693
233.688515
195.041218
184.495702
198.980331
228.686569
125.871163
137.253951
210.074717
-85.942209
213.067458
156.363954
167.938403
-44.320536
197.420627
-26.091436
-49.921830
-191.524374
-50.200873
-25.132536
-100.997158
208.509972
228.784868
-36.265030
58.131070
254.708762
174.684303
107.022303
245.587988
240.394471
269.000037
250.340454
-76.209403
263.706018
0.930977
265.767675
249.104353
248.975855
241.561650
118.751285
257.722607
252.057759
242.606173
224.747116
243.965223
245.625299
200.784121
250.485806
232.445366
-83.379296
267.131771
248.333559
216.799631
271.029334
253.872110
190.723427
213.823067
245.010302
236.177824
234.244248
272.740965
-105.195219
233.479829
195.372900
162.872934
178.461062
99.259573
136.120874
-37.273245
245.490422
-34.687136
255.066102
86.854773
223.702666
236.258242
9.331530
215.751912
230.624046
-56.807010
238.818696
-53.340560
-17.742067
-62.543539
264.676992
254.108492
243.324654
246.542772
-78.545159
262.233680
217.093769
235.000696
248.730082
223.170611
268.709459
277.885496
215.062185
248.239616
231.039055
245.475571
213.689604
171.648016
245.418115
227.348082
239.149584
216.247383
263.440581
211.168358
186.516183
250.889704
249.750780
237.361145
201.018607
240.255316
224.738618
-34.437836
245.341250
260.548827
225.892465
276.723346
235.863575
223.265579
208.587834
237.681834
205.553787
195.586805
253.168818
250.879419
232.703354
251.588596
242.744293
213.426477
227.189967
248.418564
221.086954
261.222437
270.589424
234.236540
-58.326737
177.564773
218.312166
245.573884
210.396250
191.496622
222.666667
296.257087
6.283007
194.598104
247.968207
250.398998
284.034266
227.646615
-2.963377
246.434529
221.055838
217.203599
195.043368
229.093347
-50.567673
195.213597
195.192892
261.193945
-37.637079
168.523333
205.404755
246.213749
245.366873
219.198734
253.662498
178.859391
229.248497
260.891127
236.208262
237.887867
-68.917343
-56.860336
229.406142
-20.519955
240.935924
165.063925
230.142380
237.789514
139.343201
243.867462
222.020087
174.689002
217.971842
-32.485874
262.541020
200.233558
216.567375
260.022434
226.677918
232.814744
206.760515
136.397861
223.993538
-23.280712
180.782526
212.503904
199.435147
209.922479
230.125345
264.702465
231.484211
253.765847
266.985525
247.135376
209.600457
229.692762
247.158422
205.275618
171.343738
236.865556
244.588465
217.693698
255.434557
216.155157
204.756603
-5.625335
-140.103142
188.065412
159.661646
-86.487582
-33.406868
-30.104509
-21.723735
-56.053480
-242.847621
-27.391822
253.186348
-272.944382
207.116366
225.876724
-127.684958
-116.114739
-37.049391
166.868743
-97.087423
223.701830
155.903491
178.960509
190.355724
-31.779195
241.730398
231.907318
30.508561
-71.509418
96.311514
193.306045
192.665022
264.356995
202.463858
212.666338
245.065358
229.205650
177.883350
183.388741
190.870566
214.289848
242.706439
224.820640
206.718513
243.102870
46.694600
239.875701
102.669112
264.240435
267.103213
131.004243
227.490742
232.484459
162.912289
242.707839
223.307894
203.179382
227.649208
137.137460
123.911846
241.530515
233.841925
265.652331
228.293476
234.874555
239.660406
-32.300300
218.589278
234.980402
127.320092
208.482810
218.203329
207.541884
-46.058364
-64.999096
110.836195
242.426984
166.633168
169.013514
218.951711
215.478452
255.104702
162.734507
223.256064
139.780088
112.776993
161.201353
57.730256
175.993402
25.900807
278.372266
296.890677
21.529892
224.672386
-23.691609
211.318069
-5.669380
207.703684
183.950570
197.914937
192.362330
190.018849
191.547392
227.899157
194.848765
209.330181
247.924158
281.695650
212.232936
240.262970
251.188510
231.089519
258.118695
225.996925
3.463402
205.066238
222.021300
240.429408
252.735760
181.979565
264.253890
-20.250209
227.048418
215.771227
194.444878
296.870869
-1.354709
210.258156
274.257250
234.117656
255.507837
275.948784
223.978332
229.514094
219.844391
219.413139
272.806472
278.258480
250.537872
267.336329
213.181340
216.292009
230.295980
249.011071
265.639609
223.964708
-86.832900
224.731018
292.231674
227.299544
220.349407
248.721000
260.110128
203.369151
177.316308
226.245997
224.498839
260.243462
261.277083
205.345113
171.136120
18.222320
232.244430
236.578636
248.044088
232.522593
237.354285
184.557530
213.067285
235.201869
266.033136
238.017128
213.502887
238.917735
209.497433
277.216793
271.583724
282.782136
252.840690
243.159335
274.186934
255.674006
275.409358
257.764369
271.440320
297.898626
283.918950
268.635454
284.323050
238.921234
266.300949
266.704243
262.938009
266.509728
256.187836
224.262235
282.332322
241.154908
236.190785
255.602412
282.396758
277.186499
193.824535
247.692559
260.606927
280.544481
261.775691
213.425740
3.469799
247.062237
260.306950
212.287702
248.605110
256.945433
225.031598
258.905634
256.870773
263.725305
14.523712
274.939603
236.431049
260.852251
264.044991
240.176941
-39.597085
230.922124
256.590962
245.680875
219.636126
264.658972
207.720851
268.715316
235.754294
284.813189
271.137907
269.916268
227.033067
303.685718
288.410572
272.245867
274.226887
281.583247
242.288269
228.377211
250.657427
260.620802
272.247619
290.685611
231.752449
201.844959
236.849355
258.708174
280.619961
246.915434
270.044959
250.612429
245.718315
268.522315
276.628762
266.673944
206.625654
-22.754890
-33.801197
236.644041
256.997087
244.787558
234.432433
232.296280
245.171669
275.027070
247.385309
-162.011008
228.029167
200.871030
144.913883
278.339728
232.141461
-46.854974
193.925043
-65.306232
227.340241
210.647016
-64.393257
210.451681
167.774653
138.088108
254.462206
258.984916
195.259659
252.336081
248.470155
242.985045
257.306537
219.214191
228.038915
230.598538
213.028436
38.476396
174.944982
257.861376
46.081066
245.079793
231.353523
235.098697
219.456109
247.525789
262.220953
260.352981
245.400141
243.519758
268.688190
231.033040
186.126719
286.641531
234.878490
143.670440
181.949976
251.370185
243.915990
258.349704
268.045123
234.770152
231.844598
223.480237
271.598597
251.725178
257.440192
41.103772
258.072077
242.911091
233.668121
224.243396
250.336474
251.498323
266.352267
280.490998
249.628983
269.698670
227.603324
235.763660
132.884889
199.587127
232.264198
256.754205
245.308027
252.074657
252.860572
265.253321
238.020657
236.286781
262.586263
266.414309
161.672884
258.887188
237.411393
263.890581
284.864876
259.318767
235.608565
274.763331
296.925007
249.694237
231.060949
256.846476
280.744007
257.862552
-189.431378
270.218054
280.376131
255.226220
261.286980
283.465955
244.773979
197.055940
173.146383
205.590030
-9.343588
292.256960
172.736022
282.358780
253.724621
-133.043960
285.486451
240.365956
263.440540
269.725395
-1.967705
265.283926
277.221249
222.034162
279.921437
252.795754
222.543571
275.570548
260.741766
266.920616
257.507437
241.292974
256.663350
267.204668
252.950794
268.461644
256.283635
274.925260
250.365257
229.828107
266.872143
266.624904
268.192399
231.364941
256.094623
226.280464
262.350400
221.500687
263.443365
70.287149
286.862903
297.991624
201.708836
213.577110
24.620622
257.729989
244.551713
239.142863
287.210669
243.449778
225.997767
277.463748
283.434130
274.968247
298.548297
250.738652
237.030486
279.192904
259.745473
248.753700
244.354693
249.798127
275.653525
296.517000
257.407929
268.089137
294.741731
266.127734
280.168788
221.485817
280.023460
290.030403
275.131661
281.587253
276.315435
284.595452
278.975099
245.216969
248.294005
281.347418
242.955692
266.321385
288.719413
291.862491
5.979447
275.347621
271.722540
275.678797
31.217709
242.774130
282.332549
285.515933
265.520475
241.647250
298.825883
281.241384
272.128350
296.194512
255.341327
40.423521
275.532104
276.007366
292.429652
269.242585
272.188996
244.341060
243.976594
266.783612
252.759876
271.076765
288.438366
253.020244
309.241785
270.161970
287.248544
313.116654
285.563578
268.739585
49.240690
280.672468
260.173506
274.551062
55.771079
45.911631
242.723182
255.370094
236.222191
277.466973
21.833996
264.456728
264.589406
252.751714
226.972563
278.272927
290.696279
24.573519
291.310269
272.267968
269.478241
265.213129
284.550738
248.747702
263.678747
55.534649
268.053509
54.084048
279.845307
261.795748
227.096791
255.036792
36.319445
306.022853
57.829904
246.125283
263.593568
225.000525
27.395495
288.619771
-5.984617
275.376722
258.586083
245.149080
245.316740
254.766679
277.779535
197.549573
238.039355
238.206854
241.877561
292.021018
259.050914
234.933685
247.271597
281.979622
245.541739
258.988911
279.375635
242.667071
258.098795
253.054065
281.445664
264.323149
256.670424
293.598586
276.080517
276.157929
240.221515
314.762599
235.823149
272.317969
256.967837
228.569994
288.368725
305.994442
299.910240
275.759053
281.363234
285.726409
291.296098
277.882781
49.530420
288.899604
224.443841
289.018868
244.743958
287.766337
251.686040
233.588075
261.990055
263.857976
279.410695
280.289440
285.765549
293.683868
265.759042
259.725640
236.300633
273.923640
251.056222
282.261963
274.355853
301.150584
297.387250
287.916829
283.092675
291.055785
265.038544
238.970470
290.947431
273.005362
261.479344
281.916951
248.360122
302.625377
290.710989
279.419028
275.149639
264.242189
279.507177
297.170395
309.800181
281.488512
296.432544
278.024832
280.982238
289.915988
254.977436
308.192155
275.411114
234.121464
252.396327
277.763892
271.958167
253.168385
320.702444
273.056837
293.991337
282.769768
248.351769
276.546534
236.955852
256.179973
304.333560
300.135844
274.956778
280.152374
263.446875
247.519499
287.599139
273.958500
311.987432
255.659658
258.266711
276.469186
276.360502
261.189006
293.992133
289.079343
245.608653
266.882420
270.276225
251.809605
273.691222
290.269082
286.563034
283.384976
281.505091
277.063269
60.396527
314.915029
299.966691
235.634887
296.398300
270.519229
31.353373
251.178648
281.757483
253.467427
229.712367
269.155991
239.026760
276.408357
89.734753
246.569554
284.051246
271.422703
286.413940
251.174367
251.410452
257.193101
86.201919
268.453655
300.112530
73.153483
287.687748
301.715970
292.344222
266.861881
268.010121
289.229491
252.356089
280.957345
261.378447
268.426074
272.698108
264.540995
298.458120
308.622137
264.262384
278.647771
260.003956
239.076088
243.075688
273.930525
261.721805
284.118771
249.124200
265.460595
242.156866
252.218552
254.938103
267.458426
299.783795
302.863162
294.661839
238.410812
276.887720
264.411939
283.516219
277.768221
265.241185
287.255546
273.906194
267.977101
250.137354
283.484543
253.327313
277.705410
283.060189
303.682788
306.487061
289.251984
263.483316
258.697977
265.258392
268.691759
271.252964
277.153362
232.854180
272.470477
300.941284
5.801382
237.209028
215.899544
251.046778
47.927812
282.677916
289.694520
249.059432
289.102173
304.380851
253.273148
311.441439
263.855291
281.496200
286.323760
283.868306
293.567003
297.893642
310.216072
233.214805
266.775286
260.438569
290.042769
245.934780
242.853831
251.091460
275.878860
254.674181
272.722570
275.825428
269.316711
284.443673
285.083800
292.901999
281.025716
277.788131
267.450760
282.291447
299.256508
273.747159
264.800514
265.002643
259.438660
279.618446
264.803375
272.182696
308.686678
268.025459
262.124795
278.834060
298.365367
270.376137
299.414931
277.515842
288.421765
251.412248
277.847409
1.322946
277.132715
311.099055
291.391190
45.145607
277.919438
263.880007
324.867983
72.830687
53.784993
261.745884
268.535332
239.075617
189.467800
-3.792751
11.511227
46.399222
257.804670
226.523126
26.232000
19.944981
265.787282
247.952715
251.634233
232.281973
220.084204
218.897232
229.234033
297.922351
249.610984
294.425760
274.988618
271.601398
295.491603
250.285597
231.502981
263.568073
304.746199
235.082177
221.762784
280.447081
244.004078
192.783257
3.234727
211.956568
237.308692
260.538233
283.480603
231.294635
50.261588
27.056039
263.843967
247.615280
251.811562
253.105945
245.435400
264.107707
229.948730
278.752563
-34.763565
65.585998
252.592510
292.850682
231.305371
274.358072
225.943575
302.780783
270.288329
4.293348
250.311604
266.514623
69.672364
268.697564
290.599016
263.970529
287.546380
272.290693
245.321375
281.841046
51.794849
283.793094
254.294290
58.094403
253.831212
295.424151
291.990952
241.023044
279.663995
291.819196
227.543632
279.889191
60.453649
237.277291
289.621084
229.404054
253.804268
240.144062
265.407841
59.078070
281.043314
273.247372
255.850234
224.609333
267.729085
270.276455
300.407645
250.624179
203.854164
260.675949
301.691489
264.534019
218.164838
27.163873
260.856054
267.639504
249.981826
259.937064
272.681793
289.997748
247.321297
241.154332
287.771292
282.800740
40.822915
261.127269
268.364421
270.938400
282.786190
269.012144
279.302621
249.577535
260.399031
262.368755
270.092694
52.316274
259.439199
275.072829
300.229009
287.147556
266.848391
226.871965
265.052978
271.064297
260.950267
37.032173
272.315066
285.413157
230.290775
-276.873467
284.526296
275.831512
255.673976
229.572649
260.234262
252.430568
129.104190
245.015584
-24.323955
214.961911
270.215581
232.086897
247.490706
188.431380
223.339534
261.888119
175.585932
265.558874
243.115666
251.337698
247.890815
274.096722
272.997150
257.976964
264.950560
280.310290
272.255691
278.641543
287.984011
19.397616
267.055934
265.628340
263.180077
240.042507
257.991494
254.500941
260.989310
266.454708
285.130403
255.791348
297.226214
280.354288
280.453609
278.081741
235.287002
264.645915
293.415064
275.921744
278.845504
275.491911
247.365859
214.588102
271.026690
295.978053
263.446036
229.199326
239.195239
281.091656
296.494553
275.207791
269.752498
260.684606
275.500609
267.837908
230.306171
273.651917
279.858850
3.028020
225.489328
258.809156
247.759382
270.985503
249.141803
208.423544
296.937741
245.914744
256.776891
266.212565
222.177499
270.146961
110.694386
251.120452
265.861110
244.052091
226.771098
237.741677
136.476828
229.862471
278.819222
252.933602
241.747532
186.856999
226.117795
264.245920
230.859995
243.724407
221.487138
216.918231
256.032066
217.534860
258.460160
292.536833
287.077932
-20.638346
17.390860
228.474551
249.053479
186.740071
241.711336
176.421757
125.514132
-26.536317
222.871575
-69.522491
269.976257
-24.899387
250.837106
267.573452
-23.204064
229.600804
243.941867
286.978141
273.628717
273.509566
285.606108
239.507769
245.781291
267.023749
252.722349
240.153469
254.214573
258.212080
274.608384
289.857043
233.514958
291.527182
245.203454
260.316163
244.601669
260.093728
254.876834
303.133884
266.495343
273.008956
286.957820
271.004047
265.960798
246.703828
274.381284
236.441027
132.574427
186.357813
249.887582
258.204494
77.430120
249.442643
257.246971
218.869446
279.641756
230.525041
267.282647
259.725229
235.384594
258.540996
237.818042
251.071976
237.680340
272.278492
253.423822
229.190339
269.076107
229.999344
232.779006
268.791226
250.264500
242.231988
225.101345
274.510223
261.299439
248.957373
288.358418
257.702067
274.421050
280.123756
268.698896
282.878043
226.752699
266.046459
259.693196
288.061444
246.406728
259.986034
245.871434
277.994662
268.962576
281.978783
282.391457
229.018192
268.698053
283.637043
239.768246
246.874778
284.624430
278.122250
262.300604
187.671681
293.513103
255.853548
245.969720
258.786570
265.419288
284.076689
260.250152
255.646331
286.377268
43.780358
267.605445
253.213013
272.950838
249.785949
236.998189
247.618231
267.356091
264.326879
284.595661
28.951110
239.872077
276.238166
237.546152
284.648764
272.451247
261.340642
14.338644
288.557078
276.750029
258.922349
251.359254
271.602577
298.477764
304.032541
268.835746
304.495707
285.278722
282.764492
279.009240
3.826286
268.351029
241.966744
263.709763
251.723689
308.260544
251.621163
300.190574
244.758457
288.689034
272.496764
41.400418
163.460958
160.323795
249.383730
287.630185
238.221608
-19.863167
264.912410
218.362553
3.490428
216.505067
199.959136
-19.495816
84.141063
248.572229
274.846035
271.023670
32.990617
278.508326
285.816044
256.487277
272.763336
28.139996
117.210968
250.507519
239.280296
279.261839
246.852441
246.912219
278.720220
276.133051
262.831448
268.715623
266.623620
258.786736
225.478695
268.335221
300.469032
268.592287
242.114528
279.636165
228.920888
264.624852
239.343795
282.338006
221.531038
237.521405
276.361068
262.307238
229.707700
257.870186
272.448196
251.861705
262.228679
259.730725
260.896536
307.391313
257.068446
252.818444
260.169843
278.224000
274.054552
169.535239
167.250735
50.748464
110.024526
52.209775
265.825046
222.339803
287.162896
232.705384
22.275548
241.463628
51.617922
213.275025
259.033002
270.212404
211.283132
247.878507
263.632925
232.238312
233.912191
240.985441
282.459402
263.655297
263.956900
258.403473
287.082264
239.153104
291.441892
280.025879
281.756358
272.986933
270.563042
265.927513
258.605772
306.425764
282.410716
281.300845
229.325214
293.934733
286.408558
233.181775
254.959288
289.655525
254.242558
270.170593
286.322835
290.883491
258.560282
245.170662
238.818516
306.457258
282.224259
306.867878
272.845565
255.755437
301.544895
289.940996
263.847759
287.211758
295.968689
281.606810
244.783552
263.866395
254.326567
244.284628
257.874458
235.218546
320.978183
266.523281
51.333529
235.100051
268.073153
307.813212
318.982303
93.827921
227.434344
281.577023
176.161253
307.854135
261.027914
254.198117
320.876977
248.814587
295.917717
251.283247
281.961080
262.202933
266.719961
296.792588
224.630440
205.286193
238.719756
284.640390
291.098633
289.183463
247.242164
-59.639032
276.555773
194.524941
-33.293015
245.096321
211.452233
252.218335
257.638294
251.254259
279.344121
279.554603
276.583542
20.531637
233.920597
219.519317
174.151302
256.137381
268.541725
178.166961
232.149216
270.597692
210.779607
250.387978
259.302853
-566.699799
200.172149
227.580932
253.687718
252.040946
306.102557
256.811558
300.059042
311.692310
238.435466
233.184021
256.442744
220.829989
213.510943
303.377256
271.913534
285.766065
274.784537
252.740984
260.581043
286.593119
-12.216075
140.007999
271.172366
239.138390
245.544803
250.481848
272.470335
284.574648
259.304684
262.706803
264.889157
273.800566
292.044936
268.728510
311.323816
239.600747
283.369652
300.069692
303.502503
236.491850
262.127652
274.014388
272.605818
275.063546
286.957306
256.117366
250.959500
276.890001
280.056529
237.564915
298.171993
240.506120
246.246703
247.725279
270.542627
235.555437
233.568968
239.446027
233.714771
272.834173
270.205926
283.970455
285.035629
298.914101
268.468773
253.511036
263.382845
302.887249
294.267455
283.786669
272.422667
306.443436
248.682815
244.779475
275.457737
284.898579
284.666216
275.999444
252.753658
241.391671
274.569675
264.661776
306.239759
248.892018
321.878281
258.797425
236.224950
274.598696
296.503750
246.582941
298.655618
281.599042
251.436443
274.204378
255.912940
272.237991
237.828539
267.175989
247.454657
260.035271
265.254622
289.572267
246.492590
239.159042
232.004828
303.367302
270.168387
262.463422
256.604952
260.652416
311.130740
251.560125
264.322695
277.829770
245.468157
268.029202
247.331430
262.588180
244.210470
286.331441
273.390727
278.218479
263.420738
274.241877
259.115190
278.080977
302.618527
205.433172
237.875763
256.379005
262.122140
114.430828
269.228044
237.972372
237.242564
286.303691
208.060712
252.956287
73.830262
233.481297
250.813305
268.331160
249.190945
252.042107
255.674092
270.174301
277.933667
280.359641
236.739556
233.122849
258.635920
272.955462
242.249971
242.996450
251.339721
280.146954
256.825103
254.111571
268.283666
275.848934
290.965854
214.846008
254.283335
246.370238
299.113641
243.110638
264.812502
281.855551
269.704851
274.758854
229.987226
299.690078
270.455153
253.879165
269.950425
234.632627
269.420490
45.352612
287.252127
235.598710
246.348418
219.880095
265.165166
226.130777
62.073124
292.110907
256.291754
255.701201
228.547920
289.706051
288.929607
284.089371
258.429865
286.805741
246.930544
57.630617
290.291596
238.883353
253.759520
300.433515
44.681225
255.818685
250.585490
264.162605
253.283856
266.909585
276.908097
262.363647
274.196381
236.372572
291.253654
49.984599
286.031012
39.965882
289.478453
274.945739
284.168958
269.763572
43.593495
289.864646
288.704150
240.361247
171.320304
244.785892
268.747353
281.261831
261.221052
144.842804
65.389029
69.524466
289.619525
262.146213
277.964942
297.383938
241.551764
259.641348
285.791428
288.909269
239.512361
296.494418
267.637543
271.675555
263.262239
270.159596
279.729790
272.994623
280.806329
266.404768
273.085826
206.967370
287.685385
279.663104
280.789222
244.829937
292.498272
269.717924
265.945257
267.546646
265.040974
231.767040
243.387591
280.251109
259.872497
237.263439
241.257686
286.229348
254.559802
248.484046
244.817562
282.839745
280.095985
275.910755
230.464122
224.727784
244.588600
282.639245
269.010892
266.320696
288.255666
290.002486
269.567309
250.523907
292.196331
258.668807
220.122206
235.304501
232.389203
263.695874
259.681615
275.918059
280.344695
284.508759
267.503287
267.605496
281.269724
218.693624
221.897560
234.824198
264.574938
300.519827
268.014912
264.097965
319.223762
286.610716
283.837039
36.106176
246.013195
293.417764
275.135961
320.516885
266.326609
-254.595163
243.468139
290.012718
257.786140
286.404269
243.356375
290.292690
262.824094
280.269871
290.725767
258.041628
293.245657
248.560837
253.211535
253.764543
252.166643
212.599950
239.028765
48.936281
259.081166
275.718837
235.876652
274.398368
276.220930
243.218763
227.466428
293.812718
286.256789
236.124211
249.499476
265.481418
257.055188
241.782183
293.744309
275.400606
292.557742
294.481952
256.688107
266.148626
297.979460
283.443687
242.056661
240.297903
248.373021
282.259945
285.120153
276.245942
262.867495
233.981483
260.349641
256.129044
236.424767
262.903690
249.066310
258.729148
77.977943
294.539341
271.315542
57.129367
283.363558
303.209094
294.239133
278.994649
254.153999
266.862442
271.402948
222.699772
260.736370
275.171035
307.823589
270.578885
257.727869
286.828420
213.396593
291.573204
267.145972
262.481093
262.511149
269.205710
230.149127
242.957412
307.010641
300.615319
250.908268
-188.553927
280.629897
228.861445
231.253264
238.676154
240.063836
255.967325
266.109371
233.744800
-111.631258
251.240452
217.261450
265.533974
223.211602
259.737601
275.638974
280.915849
246.062698
235.023800
236.032964
212.333409
112.395565
69.487124
271.704077
254.690001
239.510976
286.589693
240.148296
244.012248
271.096065
255.005620
272.383296
232.348418
234.450934
233.025031
171.175452
267.480980
259.904332
5.832664
253.642602
248.664167
237.421238
239.071144
221.972936
246.516815
235.267557
238.358669
250.359121
243.681023
250.560527
222.309415
-210.311551
236.877401
239.620506
282.986825
271.917617
260.297046
258.939939
209.293823
231.275657
238.716967
254.667920
239.800086
152.624062
-14.042671
255.781262
209.198704
148.556227
264.689483
255.260112
193.351476
-12.803645
252.571525
217.109246
218.478408
-17.673792
247.667141
234.228009
271.222060
195.135697
228.805166
230.372501
272.402579
-13.229329
211.606158
201.620119
248.106076
124.155551
196.016463
247.716350
216.269903
268.901221
292.189536
213.108925
249.094178
82.986963
278.354158
184.509117
145.156115
148.936953
154.410098
140.926060
234.857117
-15.118845
231.447379
-6.031743
185.439551
210.209518
236.566377
107.540452
214.789226
148.253927
243.034017
218.683226
241.050904
248.946488
245.201173
287.138462
234.111120
212.870771
240.033002
-49.308615
231.919758
260.385363
265.083494
200.963733
253.826833
220.385024
214.232869
240.744917
191.567032
223.269575
204.753198
17.301416
213.849782
209.982920
260.530085
268.337678
284.891395
254.554971
284.062088
288.498157
274.370809
263.596007
263.238690
246.963357
211.304396
265.250447
267.303661
282.448218
247.990266
258.926193
243.203988
239.284019
276.774464
256.385502
260.598468
3.596251
273.963999
252.499500
264.871592
292.013922
42.371215
5.340764
268.873468
9.133702
258.620800
-9.263656
211.253829
223.933809
256.617429
246.102897
234.995481
33.636667
235.422479
69.428526
216.726949
-138.831534
-147.744515
222.222688
188.951086
204.741987
163.748679
245.477568
241.792835
171.876964
244.865439
247.193298
-45.278515
-102.197951
165.455399
-141.496814
247.380165
281.339629
229.960892
240.808395
247.738945
263.885561
-93.184612
157.882885
271.217488
276.553281
265.975886
192.702310
242.025570
-52.350189
-69.142871
215.229576
200.936479
205.194999
-79.055695
-59.247870
237.671756
215.546030
222.865858
151.916618
-16.744398
240.819838
219.036819
