-72.983369
-447.810479
-261.537164
-245.776527
-557.960735
-705.649187
-500.176519
-179.383639
-170.687569
-69.139375
-312.832109
-129.074640
-124.988812
-307.354443
-336.509146
-386.234989
-451.315616
-192.320695
-292.497519
-181.419436
-110.918184
-146.592164
-124.812867
-131.962468
-256.247462
-105.110164
-111.698945
-112.813913
-142.990842
-122.577603
-134.201600
-117.433658
-108.616933
-85.401057
-126.862609
-143.769107
-141.815813
-764.702549
-509.229325
-132.455425
-156.216323
-507.121342
-777.847923
-538.328066
-277.603705
-478.165019
-194.139782
-315.545395
-289.172792
-206.727958
-102.587930
-244.271746
-223.529868
-139.783517
-137.109240
-171.850880
-152.539432
-149.317728
-142.029483
-121.002160
-181.599000
-126.321306
-156.520819
-157.180183
-140.416425
-571.280704
-221.967838
-276.026750
-163.282822
-102.488537
-148.394825
-132.265483
-137.467102
-96.068440
-147.014797
-137.617451
-138.284296
-152.911133
-174.604853
-175.691987
-111.491077
-142.812068
-163.576853
-168.343233
-145.949470
-155.151982
-128.291264
-155.161579
-149.684052
-163.311254
-237.051212
-175.796598
-134.236650
-169.684571
-175.442608
-148.465339
-140.855101
-150.997715
-120.921928
-163.137187
-164.378330
-131.698534
-144.538580
-158.074705
-108.578653
-168.054231
-131.708828
-148.795183
-115.008352
-120.590576
-237.607060
-129.056838
-117.368912
-102.495644
-129.920295
-125.492931
-160.306042
-147.440709
-126.593461
-112.358391
-119.819763
-223.022555
-222.785860
-235.008838
-146.886485
-284.108178
-136.103561
-129.084336
-180.290993
-135.974041
-142.490478
-154.118299
-161.654869
-170.577237
-142.482129
-149.588436
-165.792824
-163.536386
-186.409662
-162.227620
-175.114998
-131.897313
-151.188231
-128.921004
-146.517156
-138.156583
-191.851738
-140.113506
-190.116391
-116.358715
-113.351248
-159.013010
-175.972469
-108.062794
-140.587248
-105.902421
-118.466739
-87.834666
-145.732470
-126.527336
-147.343732
-114.651065
-136.004423
-147.693515
-134.212291
-148.997299
-147.717102
-146.476029
-107.511378
-145.613407
-123.355152
-106.414872
-128.208489
-147.770678
-120.058377
-129.107689
-107.032982
-162.154361
-122.096751
-124.594654
-156.692265
-139.973101
-147.851082
-173.307786
-124.176397
-115.822023
-118.524366
-127.913702
-105.450948
-163.351925
-140.982000
-84.513116
-168.984180
-147.381680
-144.225756
-135.828390
-151.100575
-96.704558
-100.444804
-141.810469
-271.215818
-142.778123
-130.187119
-133.318239
-127.020565
-121.477175
-142.218338
-131.456226
-145.841938
-157.750984
-84.124888
-131.016566
-117.043442
-106.451342
-164.337335
-133.496427
-142.273108
-136.402252
-136.449963
-138.654675
-130.586792
-148.726553
-113.043876
-197.790895
-146.735802
-140.220064
-125.527606
-142.193798
-109.052756
-162.067840
-123.354335
-121.758933
-130.070493
-155.307560
-156.492534
-106.325172
-129.256308
-144.365381
-99.172650
-148.315559
-94.240010
-142.036542
-178.511491
-104.297616
-162.050127
-149.739703
-80.499144
-112.105288
-138.300210
-140.222854
-144.069569
-132.422559
-160.164546
-141.108832
-140.530616
-149.516120
-116.157341
-79.669743
-129.188070
-174.922725
-149.644133
-130.634847
-143.433561
-157.725473
-93.628833
-79.472190
-132.508505
-101.392476
-97.182625
-148.279416
-120.830290
-147.492736
-129.599834
-105.756128
-126.243571
-154.521812
-94.085848
-125.483284
-108.578543
-101.986995
-114.060241
-104.898268
-90.219579
-90.438069
-87.236536
-95.669144
-136.963081
-124.367505
-103.267741
-132.004373
-97.470323
-83.676067
-103.144801
-105.479684
-88.007209
-92.330729
-109.098168
-91.573895
-88.344440
-99.149068
-92.028128
-133.097900
-112.177639
-137.025211
-96.891643
-114.050619
-103.194156
-95.437446
-136.069903
-115.516499
-108.620964
-115.926391
-72.951996
-79.790969
-86.634598
-99.022295
-143.295582
-107.205849
-86.827281
-113.321380
-124.691962
-110.168423
-106.134531
-92.915442
-116.497564
-88.452223
-104.431816
-102.820955
-99.465629
-83.884664
-70.665228
-84.270949
-121.556084
-65.008988
-71.890869
-104.188492
-84.151190
-73.979773
-80.238460
-100.522914
-83.153480
-129.333772
-96.110095
-132.876428
-85.657171
-103.844176
-105.558063
-96.906380
-113.966761
-170.712274
-107.568356
-124.608133
-141.051333
-109.896133
-134.945558
-129.162380
-89.277423
-86.061575
-116.592103
-63.462582
-75.887505
-74.877091
-70.128964
-72.234722
-81.461743
-116.064852
-140.540680
-94.227514
-88.501151
-115.518206
-159.980320
-123.695033
-77.833301
-81.357575
-80.542436
-76.796993
-99.346285
-100.068886
-118.376606
-85.863492
-69.711121
-115.099572
-84.655052
-108.912197
-87.908175
-97.307422
-78.510199
-91.241400
-147.789798
-89.612550
-111.502420
-93.056131
-112.498079
-65.887408
-85.021756
-99.358399
-99.009362
-72.379879
-102.282091
-77.481947
-84.076202
-55.938957
-111.609257
-63.960861
-104.085512
-112.920435
-80.629097
-90.429630
-69.984697
-106.007870
-91.071715
-77.342615
-98.059254
-124.425604
-88.174424
-90.617980
-91.312077
-68.330734
-102.971957
-81.206568
-60.492859
-32.425978
-111.233300
-73.248397
-55.265121
-93.273208
-76.971185
-49.512255
-75.847815
-137.035071
-80.136624
-76.616262
-55.312071
-66.161471
-84.606490
-99.766780
-47.529671
-41.933478
-109.002720
-88.243103
-89.328920
-55.528363
-24.737636
-67.075993
-71.365539
-75.822709
-40.816300
-45.886400
-76.724606
-64.395434
-83.578096
-71.801727
-115.950673
-126.686294
-62.921795
-74.528702
-42.619064
-64.529084
-90.220079
-40.960856
-82.075826
-60.311292
-140.267999
-238.943814
-26.035469
-91.489166
-123.549155
-106.896842
-142.809533
-119.133745
-140.309916
-100.755009
-131.381064
-198.196590
-109.638358
-92.493051
-76.061353
-116.198354
-132.129053
-51.497078
-157.044340
-138.785541
-123.286422
-94.039993
-74.640630
-100.181503
-95.538150
-66.821835
-113.939610
-81.046930
-108.104292
-75.587611
-51.080373
-72.093941
-47.738303
-59.063530
-122.070341
-120.255589
-61.383404
-128.414133
-87.270698
-90.282588
-62.307412
-151.368693
-142.863666
-120.936519
-52.653803
-64.518944
-124.529316
-49.766844
-113.255219
-115.556020
-117.666388
-37.108527
-101.186632
-92.162767
-106.199230
-121.657893
-73.454284
-68.632266
-66.155890
-28.120844
-70.976929
-92.736982
-40.105210
-94.008311
-20.474018
-103.775307
-60.223462
-66.264172
-88.377932
-59.254519
-54.017658
-46.803499
-49.624776
-39.895208
-25.964543
-52.577786
-91.753247
80.996568
-56.143618
-62.456421
-49.433406
-42.291840
-77.467431
-73.861207
-24.152268
-108.428429
-15.555236
8.061533
-43.146049
-60.246774
-25.438465
-43.219338
-7.396300
-33.031645
-29.653479
-12.588650
-34.292838
-48.881843
-1.617281
-19.693788
11.707309
-2.947412
12.815507
-93.520644
19.297685
-22.137235
-6.355349
1.414961
-24.445302
-20.490908
-65.442817
-10.193053
-35.228949
4.545846
-58.487656
27.096325
-59.252945
23.440289
-9.556681
182.934590
-44.234476
-62.986763
-25.882512
109.342220
-111.694004
-29.517636
11.507518
-38.823273
-0.370043
-25.259536
-65.965924
-58.614572
-47.537938
-2.067909
-67.740336
-45.166346
-8.326708
-44.702030
-29.157051
-28.355938
-42.504301
-27.390974
-16.368527
-54.643112
-15.326425
-46.646993
-46.181557
229.218485
-11.347712
-4.439729
-38.956421
-18.524571
-14.110128
-18.770192
1.475897
-29.564720
-5.913273
-17.559901
-17.303058
-1.229282
31.662104
-6.118940
9.897456
16.126590
87.006492
82.658421
178.986560
-334.550738
-221.837457
87.109956
206.207130
231.136199
213.205288
224.163325
196.235112
240.810585
239.497411
223.410405
206.075353
218.460057
254.641404
-19.337981
248.046098
168.374789
228.258954
-153.563314
238.271263
-71.758800
225.566380
262.514066
240.159944
208.429207
191.383087
-24.847663
18.333095
172.561772
220.333966
231.699588
246.927285
198.725604
189.499845
240.031823
191.151482
201.440407
249.851007
207.254402
246.759210
267.203128
228.751871
244.799941
235.144816
264.458536
215.127875
228.955450
-12.539116
235.972111
205.439122
216.145106
214.588733
222.038466
204.374930
188.151770
241.826502
200.580556
190.114108
227.016655
-32.478613
-454.394263
120.370624
198.801857
225.835982
202.947304
218.773808
231.252003
-38.983537
245.175751
213.638221
242.479915
202.820222
193.831872
202.806358
194.432865
238.888614
167.812417
237.863608
234.514400
204.491922
275.902246
-57.427644
292.674151
231.731108
228.929895
232.959051
225.663159
234.164293
213.506190
-29.761360
263.405771
277.842756
253.053525
-36.420223
280.653648
-37.086762
282.099729
242.074712
262.815069
-51.461903
214.253695
170.206574
260.860964
-126.194536
232.808698
226.310822
208.740820
178.547143
7.002858
211.847522
203.739304
-77.867880
217.296578
194.698064
293.271351
17.788457
194.450890
176.440493
177.504893
237.097522
230.320509
190.429287
188.853790
207.745002
163.953011
-122.103509
-45.277190
224.957309
214.065581
238.234541
223.373765
180.283490
-7.224992
255.984295
246.201609
232.833254
176.775872
250.543451
262.637102
224.520511
232.375934
256.574200
37.569302
231.936960
197.109244
54.102573
205.266042
235.087630
215.835398
255.378971
185.812089
190.607037
238.387695
-38.375091
243.567698
267.502559
230.281475
280.954970
-30.986223
268.721873
248.285140
247.998385
288.794495
245.076097
240.003234
270.722373
-56.395513
211.827188
214.160914
229.672737
304.084574
5.517802
257.547108
173.921384
247.754814
-57.807616
210.754463
233.318784
221.310136
254.817426
288.110936
229.593014
236.562292
152.432318
218.810004
226.084511
254.892632
266.087273
257.003665
251.001720
220.120600
274.931914
217.632099
234.219667
-56.695921
-45.254720
229.919773
224.455977
256.371419
260.976480
262.832032
239.156374
259.819135
235.325552
270.930094
257.098011
95.312568
11.131469
242.728817
239.910278
276.369596
238.728534
278.042400
266.156552
160.702649
285.800655
258.176101
221.830848
44.120279
244.356285
261.323650
265.603895
259.479115
276.784581
278.457814
233.327031
239.935395
270.171705
266.405645
272.907457
270.663238
250.656244
269.470871
250.028780
274.547914
266.244847
278.254570
254.983609
295.202711
243.392220
253.703050
265.057363
254.342661
260.708380
243.265875
258.818968
252.494230
264.542511
256.459774
288.660479
258.252035
309.041415
254.870448
286.194482
261.193686
248.183266
272.612234
263.242034
256.707654
267.395320
16.800644
239.440087
268.627978
273.139177
269.416026
269.114184
292.900279
267.066274
60.885551
270.132659
251.811699
269.595377
269.035557
282.129741
54.568434
262.436176
240.707410
257.245344
276.412562
264.330450
148.022307
255.038947
252.498516
265.847109
269.683546
274.723768
297.237450
268.606498
237.422531
252.164655
298.599866
239.418175
-2.880423
282.524796
235.575706
279.067669
275.564924
289.120915
278.822229
273.056684
283.304246
299.685130
43.006404
255.938088
246.633273
288.577898
239.396489
242.924557
284.395822
245.885383
277.301515
289.146906
273.126512
-168.334368
277.696374
302.225258
246.691570
243.385640
301.469782
253.899321
253.347955
277.797738
261.471483
294.671977
240.910468
253.968454
245.365741
299.268337
294.740445
250.245502
251.455361
281.398994
251.025640
266.482119
259.550687
109.730567
287.123073
268.225336
273.935798
277.551831
287.939439
274.472639
296.568770
291.783670
280.467374
305.776773
257.890042
226.377085
275.071806
294.609070
302.578509
293.836530
270.560662
283.719196
270.980051
259.033089
280.083368
271.504439
246.267118
295.230562
261.346049
277.465899
299.311416
277.972759
243.447843
301.121553
11.680083
308.178524
277.289745
273.363317
285.131616
263.199968
258.123799
302.985037
232.991027
47.569897
237.852798
282.082398
238.605139
271.751041
264.291129
293.435542
255.476301
249.914311
213.174624
314.436042
283.950731
269.624583
216.385674
280.898470
233.703999
263.235548
246.662161
292.774813
251.934474
265.853613
275.240883
287.084514
282.959617
269.572710
278.414879
267.206497
290.520508
239.254165
299.593612
244.084315
269.742150
279.413403
155.768696
267.017837
267.037564
288.645204
250.260761
240.200060
283.328639
300.047261
246.990062
271.767272
299.045609
312.828916
276.081788
272.725545
254.247488
288.275357
255.146258
299.703748
252.587566
278.409821
251.921899
286.583839
247.338059
244.061192
265.452133
307.189978
263.600397
280.730217
254.234882
264.409365
-36.795407
310.176622
261.400774
231.535936
306.035529
283.740344
303.020647
255.628286
261.492685
272.147678
267.757393
282.766697
73.679361
266.761793
277.074318
268.276578
248.508245
277.690495
252.413885
282.767160
252.633925
288.701909
274.885373
254.406042
296.563466
256.874167
276.089996
253.058814
226.123405
274.678538
249.583208
246.753690
298.776738
55.537143
62.292697
267.219616
261.915629
284.737234
217.885969
95.818210
67.506782
309.037320
237.975266
232.747924
290.205409
300.642200
227.331614
272.977230
303.012677
303.043250
232.366164
284.177397
266.833621
248.380459
243.833101
241.493585
308.904346
145.443028
243.591972
298.537229
58.451568
272.869761
257.108778
130.054346
-33.796253
285.751331
68.195052
303.951419
252.062508
243.679899
242.929502
237.284358
59.224203
47.253773
52.113103
28.989832
270.014392
48.278640
42.378110
226.328661
219.840410
96.847679
34.762840
239.729889
206.826867
65.510617
220.290835
-34.916819
20.441961
200.607421
-768.973636
10.474584
-23.939098
-136.781416
-54.974987
-73.523637
263.113451
245.166818
79.588384
-29.521888
-19.042230
79.967415
238.804072
-55.688160
214.210829
48.075459
229.072205
-5.333685
-1.004491
-20.896022
-13.872939
5.099090
218.594388
215.792011
186.448646
257.172534
250.503368
249.197776
258.778690
265.390944
238.546309
235.892181
233.239776
242.723009
190.526335
252.975571
238.457761
243.160794
44.017779
190.010509
232.353390
94.613053
251.903468
233.005038
241.044349
263.285159
178.414291
267.192189
229.597914
278.020996
287.020026
264.918252
270.586599
280.523580
270.234912
256.140532
245.460632
261.453546
267.931941
260.131043
249.155736
222.449419
258.024092
259.377218
253.816588
246.896878
268.630539
263.022854
167.585140
272.224933
278.826851
238.448673
275.325163
267.669294
238.404982
250.681443
260.776672
288.102590
159.304234
250.927131
254.989395
273.402418
231.448295
268.158307
283.054624
223.420007
244.281192
267.466910
256.190213
286.799891
267.818468
300.184364
266.716849
278.054783
263.628097
287.396137
210.026656
213.170664
291.175582
278.487954
281.016641
-3.700673
272.337078
-54.046679
280.998768
288.580315
213.292479
254.044797
241.999232
306.050213
227.925588
268.785509
223.012458
192.238539
256.767761
222.942121
-27.883135
258.025024
231.432087
227.579327
285.302649
274.507812
274.349827
240.623532
191.442346
252.365445
271.044688
285.192669
257.551977
242.676546
-45.323482
238.185589
129.046071
-119.345998
-60.593092
171.351211
216.687906
258.168471
268.501421
272.482766
282.270494
-47.118655
-53.003516
210.239303
305.105298
290.794323
207.964346
243.820634
287.544967
274.460615
-144.725466
149.198767
225.757562
268.148472
256.808802
272.198247
-39.961732
247.493218
257.827703
178.955601
234.673556
218.890759
216.587641
254.901233
240.012321
254.347316
28.207381
222.443766
242.955272
215.085199
248.210590
216.590871
276.203717
38.747942
243.865407
232.887662
266.408484
263.572061
233.669773
203.484346
290.468653
233.132358
265.058928
270.779720
265.793987
257.560450
275.291973
239.629590
249.929396
268.929655
273.013010
246.375233
251.757815
262.099158
223.743291
242.636096
299.165462
251.445581
254.008826
264.800548
248.605896
274.304955
271.547480
232.168618
227.870542
249.001141
265.285973
234.781949
288.120507
271.398593
246.256715
274.602500
270.525553
279.184658
234.970506
262.703235
280.497564
289.600412
230.537964
269.693866
279.697996
268.056877
250.906057
171.983949
286.680534
258.104330
229.651386
260.912106
248.901621
244.936552
209.803050
288.472784
242.007979
292.120952
-112.161397
272.733516
249.063191
247.284175
243.800580
260.893970
245.603392
263.380673
283.044338
263.608255
307.680768
217.045942
287.790585
240.920112
232.549180
278.277208
194.410737
294.487976
232.000769
279.147884
279.114849
-81.326593
-68.506207
273.106783
255.485957
242.899113
262.781064
248.121688
271.705400
293.175464
226.466078
227.076815
254.688207
261.693545
170.376464
289.277931
4.021323
280.945215
23.929151
284.126290
257.203655
231.865638
280.862387
228.965403
264.007095
261.948432
265.172762
266.853870
238.818886
270.817578
265.093887
261.398117
258.043302
239.716311
255.797450
269.479464
260.974723
246.243266
283.888507
278.586091
8.468257
271.966943
298.925232
290.140751
268.045031
264.718801
250.655855
297.388648
235.848697
313.753489
243.481242
279.611225
232.960942
263.791499
261.442192
256.390528
279.327903
258.130531
307.375881
272.016367
255.135551
233.598966
271.665176
288.120393
254.646478
299.602002
266.793395
242.069067
-2.457412
52.467464
322.286440
233.988137
274.794838
46.147668
312.100764
278.602463
250.600137
233.587986
-27.345801
257.063754
204.510091
104.601400
252.610323
160.058510
225.245870
244.159622
286.315602
224.446374
198.364295
280.568936
269.126070
286.329431
241.528325
237.775518
196.079964
-69.792559
268.243249
220.899116
288.131113
269.754176
251.398118
287.323164
247.406489
253.718697
269.781674
291.882865
210.784060
276.092361
238.628970
253.808738
251.163661
262.017942
294.100840
285.875111
23.304262
276.705087
264.381325
267.104103
282.942899
267.661301
287.097074
-7.862814
279.818980
248.873563
258.713900
290.552426
277.000828
280.082475
266.220177
245.245334
199.401272
263.268780
179.575693
274.535320
203.639645
291.920803
283.195327
216.886027
313.961882
267.844270
122.704944
285.314396
260.466274
202.434218
279.399995
180.042555
45.904076
-217.984683
200.843265
202.753576
219.540369
210.758411
-150.836342
283.740054
241.566153
-61.173519
200.207091
280.278326
293.277528
285.909488
255.178662
209.768251
298.185735
240.970566
255.988816
215.522007
256.950945
269.495995
301.376343
281.482130
280.466804
267.782832
270.772567
254.218116
234.585642
274.744265
269.594596
233.121590
283.050901
248.477544
242.571810
267.887700
289.716099
293.551940
234.261304
244.912999
273.452839
222.310660
247.505878
294.293438
1.650581
196.708185
286.028452
290.662155
237.745031
249.898059
276.437448
242.930638
213.130736
255.895060
236.043740
244.500419
250.800676
288.278535
266.834981
304.287258
227.077634
126.691335
251.082477
207.241122
256.601546
242.935202
-97.377794
252.892203
244.207911
272.763497
245.402023
268.737627
248.239044
279.440355
207.746331
284.892243
261.229830
291.829753
193.468562
225.125026
269.398877
263.223386
263.893109
139.232880
170.049978
303.513329
258.188598
234.896591
240.830475
-52.957383
310.962863
99.428733
231.175907
272.076851
178.824444
288.961592
252.436602
257.746529
262.167013
207.567217
-29.900755
217.958093
4.345624
241.769546
-65.384246
221.390837
150.682130
-90.321836
-75.468513
291.204927
248.032966
297.197599
147.737817
316.872562
-81.030681
308.091122
253.143405
245.702566
258.103588
226.821411
277.673658
234.952218
241.966925
266.341287
268.217788
269.841468
48.892792
104.563719
280.133698
277.232596
290.151429
255.722480
277.062256
289.001599
249.957247
268.279076
271.609615
268.687855
297.417330
263.940999
275.118894
271.114803
248.221833
237.424666
304.887466
294.926868
230.745335
305.561439
267.471793
248.550405
243.368838
228.041297
284.853259
44.612433
282.738972
309.855049
259.674180
260.305067
243.851040
293.597902
260.015460
281.683842
238.891343
263.395128
292.643922
158.843320
278.408108
230.603284
231.077600
276.315246
290.388770
184.025974
300.221916
277.736792
245.494360
-17.584749
194.169234
-67.324604
251.686322
-25.886843
187.072778
281.366086
253.768051
-14.605648
218.943740
-3.028151
175.728445
253.604650
257.482381
249.393046
201.506856
261.479340
263.306581
260.795421
109.268033
-13.297412
222.470702
229.799871
264.674481
228.486126
217.309432
223.466254
232.615425
-16.492285
213.187326
240.891048
179.761941
0.974022
231.581444
234.476348
283.118317
241.551961
221.341566
250.223777
237.702423
247.396224
153.349490
235.099889
275.378443
292.473440
258.835190
235.714686
234.091080
211.476152
250.314393
302.322978
250.997281
225.487230
224.398575
278.352598
226.553849
265.762872
275.648586
242.275727
236.301779
249.735776
259.409578
237.211426
253.672843
237.640421
235.574691
238.443616
233.882422
250.919585
64.133490
225.233898
224.630057
69.785365
221.502799
200.646338
219.520754
257.868531
243.561750
-20.270241
189.656693
255.879118
-63.159459
231.056640
256.490776
286.331314
-52.914447
202.915121
-51.735800
-59.504780
115.841648
-18.099023
232.332443
293.070527
-2.235740
200.469902
210.828458
150.109490
-30.119789
57.134692
230.413440
228.350154
172.313304
168.278428
199.858516
203.637989
-73.420171
242.539502
225.820914
227.187999
195.464178
-71.073339
202.057965
205.779387
222.429863
214.453094
194.982756
167.024048
144.569629
205.824693
212.258662
220.381573
228.473427
168.029726
203.776095
104.085128
203.246453
234.907166
204.926396
149.865756
273.733171
205.950580
167.123975
214.791190
175.365080
122.362750
172.466952
273.670543
-23.981042
224.250783
256.152860
162.891878
230.211492
195.893087
228.337540
283.789226
237.148345
237.203199
273.939804
228.635381
123.179295
253.374403
256.839657
237.578045
250.222369
190.124364
274.796069
264.286791
230.643063
247.219671
233.538827
241.737049
230.063122
165.198677
166.662922
202.251953
281.240708
203.947686
215.429823
228.955308
293.462306
215.820289
165.837900
212.281395
191.397111
-144.723520
198.679057
213.112674
235.235224
243.192488
232.422413
253.548034
228.818042
225.294996
251.490265
199.279446
220.633471
224.862898
201.367085
-65.791805
7.152000
59.827351
214.124417
234.596897
159.487911
232.466699
195.900229
254.495297
187.316428
252.587570
190.511151
189.463494
138.281379
202.461012
248.195756
142.699940
229.865204
150.545795
225.642471
234.374614
243.584437
202.041175
212.610291
232.484494
281.143238
-64.173694
-69.614824
212.589679
-94.268594
150.918600
184.097360
235.102612
200.299046
184.765962
187.237209
188.919646
259.931320
235.434810
212.161098
203.738990
246.522835
216.020563
230.317544
216.627618
210.570078
214.324344
269.056508
219.387269
198.766861
27.761102
227.816658
-4.076160
232.603228
220.163096
258.051926
205.806653
224.663575
221.762511
199.486843
290.249767
-0.613825
175.626044
-63.863744
220.133345
290.746694
287.827810
276.252119
13.521642
234.421266
245.571431
234.246641
245.721215
278.571832
174.043000
284.605813
275.515567
243.008871
208.234215
186.930052
274.858282
202.658711
253.383026
234.413719
285.656149
286.310975
306.705771
235.193576
256.113518
297.455918
229.774474
206.087693
220.502581
290.680093
228.418169
217.841370
233.448533
289.769663
256.601812
231.234906
287.455986
286.789335
-24.107185
213.483851
279.655284
261.043557
205.154833
230.469664
186.621519
214.031128
245.963700
257.529585
281.701327
176.968405
254.026223
179.852038
197.616124
213.848500
190.117527
199.769321
252.482590
270.964036
279.111414
264.310419
285.068874
112.852301
261.300519
170.245709
295.060694
194.486563
299.883062
176.843925
282.204668
13.599358
266.752944
-14.316593
285.684516
214.978666
286.894605
-32.676482
250.060311
247.669808
277.407676
253.209707
189.322834
180.709739
190.782955
259.123862
263.798877
10.647501
213.450784
210.196332
-147.875040
124.839783
155.618437
221.286900
160.812182
224.691162
205.742590
184.361574
126.554735
243.891925
224.374564
225.167338
238.504759
269.151167
237.684916
207.063133
118.057793
283.854659
207.407579
296.040195
143.802993
284.486825
248.939828
146.092507
231.069855
144.507535
154.915579
262.689978
-31.678575
161.659457
135.606044
230.730075
244.772911
207.898728
170.352227
238.568693
181.215695
231.403821
231.262477
252.564503
239.829238
238.537461
-17.128272
280.754028
224.280356
-178.591601
205.704263
-58.769781
-112.958566
215.691250
-135.827817
-153.128535
-98.872246
-211.343221
-125.896097
-19.320796
-319.052737
-43.300439
-64.052414
-41.102912
-9.813240
100.309518
-130.006456
-45.791407
-103.566686
-57.004507
-1.793670
-66.675962
-11.673618
-46.219731
180.038131
-21.925681
71.530948
-54.357900
-46.788096
-30.016404
-73.570443
-42.174956
-8.989478
-8.113960
192.366621
176.059856
-47.668536
-95.804082
-19.750751
-89.182972
-21.093158
-12.845852
-46.854196
164.289128
-26.884648
-67.841192
86.130282
-51.463297
-20.257390
-9.296666
202.297773
120.861742
75.826728
107.404728
-158.654445
184.060428
22.911821
102.542944
-31.709924
29.654752
34.121010
231.481644
-308.896796
216.136518
202.707277
-26.882048
238.466097
98.437987
34.569085
217.295117
212.349905
189.708991
29.628775
207.870453
220.223460
273.447898
243.206271
260.997176
206.340264
219.323355
-45.022630
245.660947
246.445331
60.403310
157.703749
170.506003
229.549214
192.472523
237.561244
210.070842
175.360258
225.143928
174.606171
163.456401
240.750114
212.698551
198.507625
243.787080
206.455766
228.685737
208.379811
161.683587
233.123969
214.918838
219.520763
277.085558
-52.544231
221.285958
270.369412
209.421585
231.908436
242.643231
236.731290
201.411733
216.863425
52.478187
28.856687
176.577773
200.591346
100.462920
233.092585
233.314185
218.303316
232.037960
287.153409
272.372746
276.071766
249.398495
288.673835
295.236351
272.682505
272.098763
270.241390
254.591794
240.568210
268.862265
263.236064
253.020756
245.902952
279.584127
249.706730
224.404332
258.237528
224.697594
255.849057
280.128236
211.090324
246.975208
289.231210
285.877116
267.206685
278.888434
283.267865
218.128808
225.596195
-27.145945
287.167081
288.775692
246.765541
-9.899999
255.828223
-23.356865
258.394296
258.153989
212.722686
213.755299
229.182100
243.734648
221.808216
199.066144
258.623599
252.782677
194.952142
309.301945
37.621198
288.235467
273.144847
299.364318
253.742395
252.238417
273.354390
209.650592
256.847382
232.304522
121.338189
260.898595
254.171155
246.444343
221.880785
291.643536
249.896265
-31.851506
276.320252
275.910368
236.744342
275.919375
159.090686
275.927719
245.655083
272.469031
287.681057
248.568766
261.109633
272.482869
261.767234
295.053911
275.134126
249.552465
272.795097
314.043374
276.349400
276.070048
277.711948
235.007866
286.688006
258.189533
285.390462
277.325125
223.354140
236.816490
270.886158
243.991053
262.803654
269.535277
258.492264
292.682914
233.612862
304.190301
240.112838
260.755186
287.901453
269.224857
291.276543
297.466782
271.750791
256.686410
265.214539
237.712960
239.550825
239.293412
305.092361
273.348191
231.390300
253.406592
287.228318
232.490102
235.843338
299.116696
247.040674
260.387148
247.820725
249.637197
270.663015
254.993195
279.990257
258.708003
279.309539
265.501069
294.131107
258.151566
256.617338
274.384391
271.083866
257.101661
263.000352
277.947127
9.732569
293.588311
278.318038
282.690459
258.510963
280.047892
292.441765
266.842901
299.819658
266.458298
282.541676
275.187083
243.356804
286.872662
286.280379
263.434373
250.375666
291.972702
250.364172
232.284323
244.861400
282.855690
275.774208
287.076071
275.168346
269.931692
256.102277
289.460965
287.615258
276.785521
229.664267
282.787689
256.800878
264.171983
249.865478
285.931901
239.655057
246.988352
222.078883
262.291938
276.874284
254.416687
298.072720
285.758426
288.629779
239.114197
264.191200
242.798931
241.174467
256.512353
235.316511
249.861815
279.246154
254.659712
298.079088
266.033889
263.324175
247.047798
273.709431
295.035611
303.538446
298.657766
310.542945
280.170089
254.072234
283.111594
273.744535
279.306060
272.837714
261.435516
274.818422
301.013277
268.623919
292.709328
225.557125
288.536613
274.446460
285.906085
257.510383
273.726507
267.593162
247.306691
308.733299
280.244404
210.818245
272.460390
245.837288
275.191338
249.519334
235.089734
260.579936
287.882617
289.400946
74.327345
271.557329
45.463312
237.438678
60.361554
277.603090
291.165254
253.413704
233.018718
263.351238
253.994775
295.267149
256.484827
254.102313
292.421739
281.022460
252.783370
276.611622
281.396093
267.375931
250.936034
269.849531
302.379167
286.214779
270.668107
249.354628
311.236758
279.100283
293.153725
296.816562
258.175590
279.943152
276.495118
290.738975
302.789701
265.326905
290.212562
300.599625
294.325486
270.756975
296.653393
247.217836
256.241524
291.291933
260.142892
285.125407
310.852057
253.771965
271.586789
242.245812
283.472379
252.377982
260.107380
240.328769
241.789489
-4.210322
299.689533
306.193001
316.309467
260.532579
307.539186
253.980524
255.948525
262.198394
288.334384
286.430609
256.860483
252.835369
247.415139
238.509601
262.824097
238.428761
292.966318
251.380440
241.893950
305.529284
291.640908
302.653658
282.257929
263.927404
271.058580
279.764763
301.712656
278.676713
261.337070
288.323577
294.381228
267.497081
248.683031
310.026564
274.141937
267.712700
254.203665
279.184153
275.070215
296.076439
247.539392
304.998535
253.090887
231.554546
253.187369
278.197016
260.869817
306.666166
233.679495
293.586826
240.555288
287.791257
288.860630
295.035758
280.208577
256.005605
266.645360
280.850032
234.706739
252.162628
312.648360
254.951805
242.835337
272.497251
256.948388
298.088347
291.571335
252.941562
304.385522
298.723801
283.224266
289.938963
229.732754
261.104769
256.221632
265.939978
267.708396
279.704910
245.632280
273.495899
296.054811
55.430772
250.509526
274.101013
264.133568
221.766821
245.674409
300.813757
267.525131
243.898758
268.414376
253.732525
253.397932
280.303981
276.557403
226.008181
286.880937
274.765238
265.130051
300.743830
270.161643
243.055647
281.354750
267.458018
277.174005
235.967146
250.311306
271.486170
30.053856
231.966165
238.429682
261.769292
241.531492
70.518577
63.658054
253.366265
263.422256
284.049450
232.139856
305.683207
280.952741
297.569918
266.555870
254.318160
268.031381
273.533886
276.266147
241.145956
254.466025
282.240683
267.928846
223.692420
268.166177
259.845204
277.133323
223.321262
240.805005
276.063987
251.569029
287.113481
207.349312
291.673859
296.891995
287.533250
260.251439
250.734642
272.039591
241.264513
275.539202
274.394455
272.519723
228.915917
207.955616
287.849172
216.500696
219.624341
255.888472
273.731512
300.619272
266.573793
264.009929
229.967619
248.785704
250.820488
289.129737
284.820157
287.309566
224.773752
290.774966
275.275028
275.786439
310.767097
239.814596
252.924979
285.355700
288.346155
261.384946
277.689497
234.487006
276.825651
254.454929
253.040998
299.245825
276.669390
299.629531
250.996560
306.138186
282.968391
228.348622
282.590909
268.483806
295.566299
237.126868
267.580923
247.925096
276.431175
268.862365
269.399843
278.375422
316.436739
232.341374
280.730594
298.951047
303.178811
272.478418
300.240405
256.237679
260.026200
284.270679
296.247817
246.509274
262.394655
274.011120
232.731069
291.140230
272.265196
265.983575
271.968497
277.441431
282.457280
241.530623
278.972136
287.406796
248.852660
236.661825
252.707555
284.645170
297.298410
275.906574
279.155986
252.381655
289.302778
244.928259
262.718159
260.625855
265.589811
264.291764
306.397130
275.302569
250.448023
270.632202
252.713038
298.719687
269.065670
256.842526
286.121313
255.607865
263.841284
259.609956
278.397757
270.319397
277.316742
266.200095
275.297969
276.888773
10.418745
299.216840
292.228369
241.642045
252.828682
248.979239
237.645476
271.094291
255.074606
258.856043
300.663128
264.889783
281.491952
272.550857
275.644834
159.698180
279.052364
246.233781
264.985289
286.099954
239.616458
257.279653
269.473131
270.726919
261.845296
259.938351
267.277073
295.370120
221.629258
282.054408
245.701926
282.886640
249.579300
286.414457
264.215342
277.432784
283.387561
277.252449
225.904224
258.070747
259.726553
263.972424
260.478216
288.225722
248.191578
291.946097
251.226227
281.177839
300.688447
272.575785
248.764868
260.729839
277.878932
317.394245
264.143078
287.851000
276.276800
270.711688
290.181288
310.978981
254.626772
291.274055
273.359612
269.396052
318.278822
266.020288
292.350710
287.441039
294.160518
278.039806
281.597131
285.091697
281.995132
247.053429
274.150739
269.674738
287.314176
239.421215
253.400054
262.362230
274.823033
280.653669
262.735472
237.912408
273.615861
280.414710
266.674495
260.001212
226.495716
283.693434
63.870416
250.282911
290.001368
267.463047
249.647369
267.413387
267.313533
233.240040
276.077217
246.807739
240.603168
278.539228
303.880432
264.977204
245.338939
179.698625
259.955577
251.561910
-2.403820
262.360928
290.233261
306.098327
267.032518
291.401631
248.974178
275.046170
196.060192
293.689734
266.418073
42.114996
300.178278
291.118662
257.605184
306.265870
204.060508
295.112377
281.971248
292.354950
217.005505
251.366218
237.637458
285.812310
288.920698
289.696315
271.687623
264.650882
274.572210
249.699378
245.398961
266.854580
286.803670
302.001131
297.624353
262.621339
261.048987
238.671657
256.032794
245.128964
251.148441
215.643571
202.067042
236.416394
239.168205
234.733061
247.616528
293.936472
250.450364
288.657706
223.951443
229.886327
253.556563
205.069966
290.673692
257.696750
251.437225
260.229148
197.258459
266.225043
280.747721
266.412560
287.058988
288.179676
235.083280
262.458973
286.305745
226.844693
-8.885543
255.675545
256.016731
237.632053
236.946327
59.775275
234.957922
244.812583
251.282075
251.371933
295.434073
263.587149
300.800862
254.090544
225.512776
226.453995
235.595026
285.151995
257.106773
276.194388
249.836606
273.505153
240.269369
269.542977
292.789042
255.926672
250.600638
236.478366
255.215317
258.391524
272.342496
230.237546
293.071208
267.302147
248.046752
296.022604
