-251.501518
-27.891992
-82.086255
-147.728230
-485.973009
-421.604836
-117.387693
-150.268419
-140.869984
-115.556411
10.284885
-338.628892
-170.075943
-450.611813
-99.616290
-193.159553
-172.447527
-214.661704
-136.488834
-255.692484
-83.489263
-90.807117
-94.275919
-3.098396
-500.900906
-94.520888
-64.509519
-114.055721
-80.053079
-67.450121
-93.804361
-131.061173
-300.823902
-247.005677
-34.170304
-165.928051
-187.941438
-124.200416
-95.678967
-152.543191
-111.881063
-119.988148
-97.849913
-98.733590
-119.349432
-74.360344
-72.692738
-66.581479
-128.786392
-71.692492
-135.042690
-254.170293
-94.973897
-50.032995
-159.462101
-139.841208
-139.295122
-121.347602
-109.122900
-107.452971
-173.409983
-129.520935
-106.842286
-132.933584
-98.711887
-147.035951
-157.663959
-129.127495
-133.545693
-144.565841
-138.841058
-153.875105
-123.476968
-131.477150
-106.231584
-142.806890
-164.252157
-231.631176
-141.510005
-122.411754
-129.077946
-143.931391
-127.425276
-138.932138
-116.379624
-178.096124
-190.800503
-123.720429
-114.338314
-169.165824
-124.317594
-198.557947
-163.291211
-115.827660
-106.104620
-119.552455
-152.295373
-185.629330
-75.163245
-56.536543
-104.992675
-147.699130
-118.734669
-142.292314
-185.797771
-163.144492
-196.139170
-123.476182
-135.109046
-174.149073
-101.464496
-119.023167
-187.371729
-136.117309
-150.113565
-125.583583
-155.493844
-169.580231
-78.885529
-123.111957
-154.157411
-157.317239
-140.985395
-106.545442
-120.031927
-89.329404
-145.133333
-144.446326
-149.459719
-103.501380
-156.512706
-173.007481
-136.162913
-142.277303
-147.255099
-85.536142
-142.120068
-174.270662
-111.095058
-108.796267
-112.560981
-127.850280
-116.401183
-147.979212
-127.531946
-175.329116
-142.033367
-112.191076
-70.569144
-158.170499
-110.389833
-125.830892
-178.270192
-137.339637
-159.754704
-88.208785
-141.534386
-128.123031
-140.803006
-130.259674
-115.224940
-142.626470
-99.320053
-99.036965
-119.455463
-112.901260
-125.077036
-123.811429
-80.542262
-113.777316
-51.795278
-64.764045
-166.867273
-92.458653
-120.813951
-101.933749
-115.015685
-98.005653
-131.842838
-85.929335
-115.172845
-72.756045
-125.412244
-97.914613
-111.643680
-142.072183
-148.640758
-91.802322
-142.766166
-143.941743
-160.553229
-181.008783
-129.040710
-118.258655
-98.918688
-93.458473
-122.887558
-97.497436
-175.046775
-93.264182
-61.613496
-129.291623
-169.829295
-174.559922
-151.145825
-72.973806
-33.678614
-51.827568
-102.450885
-151.949471
-105.663759
-124.293877
-311.966594
-140.446907
-106.028077
-79.304828
-105.096257
-90.971343
-130.894668
-94.337967
-105.046394
-79.823924
-122.677729
-138.887530
-119.852267
-132.402187
-63.731371
-95.783803
-137.685478
219.501195
-65.821424
-85.675313
-20.792095
-8.412618
-152.600412
-99.358974
-67.239808
-13.906787
-98.547721
-87.779063
-73.619573
-104.148046
-154.927996
-100.200889
-113.780500
-99.261475
-131.379330
-146.745366
200.071511
-137.138235
-99.866151
-128.360374
-125.023865
-123.995468
-30.204710
-73.078989
-105.844788
-131.574294
-101.178888
-50.085282
-164.248735
-84.578421
-41.961973
-78.872044
-166.449196
127.993381
-17.170600
-174.719711
-140.526287
-126.680275
-128.648380
-124.848207
-149.699537
-96.166843
-55.912688
-143.776365
-80.507111
-27.194838
-106.442851
-157.347523
-74.045564
-151.045877
-83.102918
-142.600837
-85.854009
-142.658290
-43.374780
-49.008041
-157.909433
-131.978387
-52.857374
-159.042899
-149.298080
-137.666983
-102.388641
-51.204349
-146.803958
-67.571009
-41.254576
-104.900729
-105.428946
-153.286071
-13.695733
-60.214297
-27.868467
-116.322833
-20.434864
-103.095559
-20.383792
-54.688056
-186.479723
-93.564743
-102.100831
-72.672439
-130.453410
-128.271222
-33.143682
-67.758175
-76.888444
-59.021085
-89.102877
-116.879437
-78.895317
-85.726928
-92.548362
-83.056225
-117.465485
-139.759024
-89.311188
-79.165679
-120.456704
-105.290448
-84.278287
-93.833139
-80.047723
-82.054352
-113.928530
-60.707146
-64.061744
-57.566398
-135.896060
-57.811915
-71.462032
-143.238233
-80.874333
-116.599216
-124.052008
-77.763443
-45.769546
-82.727762
-117.823885
-55.952712
-50.713347
-33.756805
-99.055612
-51.465921
-84.870852
-57.718578
-116.847763
-105.226886
-95.726794
-151.787987
-67.278095
-75.478135
-77.556204
-88.175660
-83.299832
-90.576448
-93.543150
-67.306088
-89.774172
-128.270316
-76.054160
-92.537116
-70.600567
-68.569558
-39.222036
-77.254936
-80.344812
-87.089531
-115.253982
-46.310004
-50.979924
-75.034644
-63.298547
-12.994266
-79.069377
-61.620716
-132.170207
-113.999046
-21.300454
111.878446
9.876576
-246.026203
-138.104101
-21.954743
-40.682151
-25.848974
-34.644496
-68.805097
-75.941446
-44.771120
0.481127
243.746911
-48.140375
-81.614772
135.093348
214.690895
-12.434394
129.706102
-40.841042
-64.790904
31.300137
-9.259370
13.040822
166.484737
-143.434920
112.472984
-72.749053
-114.544093
-135.336883
233.919039
120.534895
-66.951607
-54.413447
-50.066295
-134.441766
-197.807796
-221.885704
-33.610256
-132.203930
-91.030359
-53.826462
149.002476
-5.729332
153.632577
-29.659148
-165.735901
-37.443410
-44.025434
-42.361444
-36.501333
266.497374
126.302215
-114.816567
45.173458
-173.807631
64.969466
-68.624918
-54.809385
-57.278260
-14.537763
6.884932
130.349639
-34.135454
-16.454297
-41.171890
-34.439532
-130.011336
-135.370557
129.875497
20.154959
192.693448
-38.096726
-54.237458
-58.303153
128.197412
-14.523966
-17.388593
-169.105651
133.901906
156.252560
207.685018
201.967871
-93.408148
-57.630045
-177.298250
-104.552994
-90.542372
-74.783290
129.954204
-61.012651
-79.126509
-209.836681
-112.096134
-67.442988
-81.078673
258.421893
-37.687186
-58.154303
-8.884748
-34.020933
-25.155940
2.859126
-51.640618
-64.996463
147.575610
16.034831
-49.207011
-92.098820
-105.756363
-78.161089
-50.535608
-46.591896
-65.762940
164.107810
-22.766257
-33.135170
267.115360
-44.945013
250.811836
-27.575409
144.827221
0.121863
-84.629578
203.809608
-89.787840
-12.096880
-57.890835
-20.685275
104.902062
-65.150024
-62.482461
138.440334
-46.665973
-38.464013
143.246034
77.130338
6.495911
-45.648068
149.477969
84.044033
-81.649004
-71.005411
-64.845135
-24.112589
161.293230
9.191012
186.019156
-14.621599
162.312720
187.570552
12.187338
74.981584
301.411997
154.276858
150.792366
210.587940
191.694028
179.061819
173.949164
124.630482
203.849314
-91.396586
196.712116
177.002802
-40.899959
227.192191
-74.878738
-27.952019
-27.370899
193.103821
105.695467
21.854675
179.274853
143.849008
122.379202
133.495139
217.910379
212.231249
192.991498
223.995733
221.883468
56.410186
257.554700
135.901389
256.772909
119.260271
178.276561
217.011363
279.674432
283.334500
287.865265
226.432148
221.436548
275.153714
171.603689
295.118050
222.213937
193.230655
225.286870
202.599139
233.049685
21.623719
242.423534
253.091411
282.576510
278.751301
266.193979
218.491672
207.909376
263.832643
249.654854
255.206848
215.963947
261.903518
263.090601
296.246128
205.836171
212.810044
243.571685
252.438264
286.025264
247.863622
208.701920
263.515970
37.313281
240.180369
5.564871
249.101495
270.609833
279.843300
261.698948
261.857566
272.412552
231.827003
259.757642
271.220603
26.108843
3.044755
31.155595
236.564272
261.462798
61.643199
211.925768
243.568489
271.358599
190.319247
248.154601
249.534891
231.005317
263.162294
248.945841
262.172889
269.533478
199.127709
250.585506
267.753095
238.538035
227.666739
233.764326
204.209268
222.524776
250.717772
263.871202
249.880086
-103.283200
203.010795
270.335925
220.361083
152.418256
-11.332764
226.852221
252.656034
284.514556
159.518065
276.647811
255.132162
202.469395
239.675236
218.470236
207.346564
186.943149
217.397539
212.117434
195.674501
251.433120
11.328730
230.719878
32.688313
244.108418
-6.108639
257.714752
-17.501539
238.802094
255.057263
267.006728
226.096842
287.402821
257.971930
194.988035
255.898802
251.008048
216.005509
247.137777
219.923900
265.505902
222.351409
238.955894
257.792416
76.561883
147.700809
46.425022
275.533161
268.672761
-15.642163
271.766427
207.348637
240.120522
208.757931
264.832026
219.029619
249.140601
265.535855
240.813515
263.663109
263.945871
263.917512
224.738401
220.290340
226.812298
229.803116
263.722410
201.764599
231.810186
221.557200
87.019138
247.026597
259.345199
210.886157
272.387183
288.611640
245.198392
198.021578
281.026517
216.851673
237.684608
268.042807
274.315921
249.258162
201.569173
267.884546
201.205820
-320.149984
253.966018
281.212348
262.857315
10.694667
-133.923334
-26.039417
253.364164
205.684485
-88.929893
143.230206
209.458839
187.358091
0.548801
166.481273
-50.017266
224.363831
250.955437
256.962910
167.622664
252.734713
262.987553
14.375341
246.659449
214.735635
239.202352
209.743033
267.284264
211.818567
250.395895
167.128023
218.156087
201.298148
264.125362
276.253029
236.696269
213.971731
-160.517914
240.153765
196.594421
205.132431
283.019290
188.775938
262.743496
194.050056
-11.552552
278.958170
249.253692
252.648541
221.057481
227.929986
274.896021
276.213865
227.227906
300.935276
212.414016
231.192666
290.514072
205.647810
252.053649
240.303632
240.342599
307.618855
15.172781
-20.343988
282.271561
23.348422
254.360750
29.908824
-18.939342
290.190869
228.353773
171.496415
278.899868
245.763517
-88.167492
222.597349
260.802314
261.977139
198.470654
271.851313
257.169026
245.728155
277.253759
193.125489
215.630577
229.247128
270.125201
190.947932
264.350000
96.994837
173.610022
206.510468
235.211787
197.726639
202.118530
197.943218
270.371394
177.420265
186.230318
196.420341
185.506772
245.828443
197.902291
199.600863
245.453724
267.412376
193.173347
197.318952
195.487512
261.821991
277.864867
98.917590
3.892601
283.766351
263.846846
237.538026
210.291805
243.529513
226.527292
260.028913
242.670989
282.416227
259.555726
277.053905
229.044651
218.917358
260.641083
250.901792
229.720141
257.827348
291.933333
233.056821
202.323988
264.968222
253.440343
274.545086
281.687402
245.941330
60.027165
216.522691
305.657543
261.600196
263.646528
260.266792
212.873879
209.055331
245.717970
35.545840
236.306413
241.955978
267.496705
247.256773
52.996098
273.186925
207.560207
175.289868
-17.697192
212.773105
224.133597
195.398019
258.950392
221.444392
129.966223
242.090912
223.856659
181.781828
226.861747
163.320175
207.233887
269.696144
234.536293
238.297816
219.824778
211.293326
246.869895
251.990381
260.249682
261.617725
224.032407
242.022490
239.278773
253.246457
259.319543
243.085484
209.547217
198.520044
282.623322
137.338859
187.151408
215.467789
260.513498
206.107385
221.043985
234.129991
255.496517
285.061851
223.687255
262.206057
235.945745
232.667274
-28.078943
212.092350
207.136656
242.021584
300.805327
16.476899
250.168249
202.169498
204.917925
265.975838
289.629207
249.001830
251.715809
196.845158
223.284983
222.317610
219.683157
222.718104
217.390652
225.373867
255.171480
245.709413
264.493528
243.081649
233.416166
233.199893
240.638317
286.435866
245.403078
221.044024
225.997641
236.566016
216.867772
257.314822
220.471472
266.199491
213.562129
240.686061
247.451522
253.578986
269.632861
276.311574
217.890784
270.830393
270.599279
222.804453
258.768260
269.270785
215.917362
274.629626
256.618613
248.706350
239.178537
259.614881
221.808018
206.295015
59.826632
283.918062
178.226390
213.381580
304.421645
249.221035
280.040729
248.827570
239.190344
209.744564
284.597366
218.690499
260.518738
239.235199
226.375140
266.077853
282.920139
239.513468
275.607165
262.022902
290.096861
6.043840
209.413519
245.023457
122.987448
238.278755
282.876072
3.361493
285.300813
267.505085
262.472050
265.562869
270.124761
251.620642
237.261520
226.433224
270.266185
268.010176
238.966639
290.840096
258.060640
267.100064
34.299913
274.879951
231.190868
253.061368
35.015528
246.875511
258.513889
206.350225
32.274788
39.837674
241.653186
263.121988
265.857710
-14.004193
230.905286
79.640571
251.709201
268.780040
55.922296
216.417951
246.851485
223.799774
239.064961
210.667357
229.448720
270.761430
214.908627
299.190203
19.574954
227.941540
295.171293
-35.656214
217.226329
213.311210
289.635618
294.101481
246.502770
256.932303
245.568255
281.929091
275.235177
244.660824
220.181277
247.432463
248.168915
235.797150
239.426886
241.584144
171.985631
247.820328
170.227209
208.635995
286.852737
278.501900
260.991679
287.218655
262.687525
224.566527
215.844396
203.518660
266.610757
271.903920
274.309250
259.806805
274.793495
201.301166
279.513505
235.406400
250.332168
280.050759
140.860713
217.106638
288.764192
226.722629
286.888864
238.201600
254.166225
220.480755
263.739248
244.322527
237.606311
302.023591
-148.907626
278.328747
261.880961
243.531548
281.512451
241.386822
274.534858
258.273830
250.654872
220.421830
241.568552
226.165333
222.820860
237.074597
242.588801
249.613909
259.104610
217.563037
219.561287
196.124682
227.769801
206.776121
228.684873
260.708477
240.638631
220.442288
257.899131
265.647744
269.487186
252.865213
256.183071
228.280959
258.151176
229.170997
262.451185
281.116734
290.688843
276.627867
269.315412
242.881951
46.281575
255.189977
296.859575
287.653334
275.991037
205.157812
287.562342
250.056934
255.133894
270.453521
297.803216
284.509335
276.339601
234.827385
234.566720
270.957806
269.991482
270.450918
251.320003
228.388908
216.357804
265.695773
252.003198
266.446825
242.933211
228.496516
194.401986
252.674351
246.107455
17.377059
250.236706
223.538450
246.530471
201.177698
228.645461
288.280964
226.275966
263.299382
236.331123
248.351666
247.384965
276.531899
246.404092
266.162175
201.276007
277.335327
263.044871
228.418589
9.424082
255.636645
225.284716
283.369838
186.665025
195.468411
280.499546
234.483805
110.494352
237.295923
251.741930
228.237992
269.236873
239.962431
244.698596
232.834432
254.046713
221.385651
280.712602
297.468813
265.466295
258.346442
230.783564
260.752750
257.398008
259.763610
254.356107
268.939568
277.550859
273.726785
31.932961
253.751795
265.267910
271.319930
246.972250
257.837358
273.040281
47.300105
255.031317
196.926120
221.814923
253.491574
247.529621
271.557111
23.923197
268.179183
264.801559
284.023374
243.810070
287.833416
291.031663
259.615378
-2.321701
278.263246
227.879358
315.003902
294.225368
267.256434
245.244430
238.140173
284.490129
277.384178
265.206201
299.736444
277.531234
277.013919
251.384445
290.038381
291.808120
276.889054
284.895514
312.220340
290.741367
270.554465
278.399746
303.534444
265.406208
306.282080
288.719536
293.836243
270.473383
277.326305
248.830313
265.665487
273.062593
298.399302
314.282820
237.532317
89.713608
288.904559
266.811193
-12.558206
255.558906
277.779698
295.447313
272.105707
271.570275
277.171100
209.818225
184.556113
301.473302
267.342632
293.214905
302.778484
203.309073
302.261276
276.188624
249.223070
283.368193
301.838339
272.854562
291.268991
296.876777
270.395204
273.387665
307.335038
257.748742
283.197181
243.695185
276.580220
258.745982
287.866146
295.355528
160.573959
310.945295
274.964758
278.123034
198.252939
218.419227
63.016404
264.190343
264.196880
242.174899
251.425033
294.465380
288.603759
239.898545
264.038630
253.595208
261.030972
265.048149
311.810061
207.150879
260.548113
297.450855
242.725127
291.279689
287.964102
279.871191
271.950606
252.771229
307.249296
94.865448
280.133642
254.221663
300.684144
281.029497
18.890652
291.406494
48.702399
284.674799
241.659691
289.752834
74.477526
289.953674
6.386710
287.968071
269.745318
46.568373
300.212158
266.626118
277.872842
267.245057
220.618969
260.511473
243.220882
212.646461
243.926206
284.416592
272.894752
258.678008
53.673191
293.474613
265.855717
261.418266
302.976836
287.389158
284.081988
234.285753
238.002170
268.992686
262.705743
272.357911
239.390849
230.340661
250.619252
305.638006
295.703667
284.697646
263.615246
270.613789
278.232618
220.205386
249.989461
269.971167
286.188756
215.980414
247.053717
278.124229
318.525182
240.517777
278.541746
279.773245
267.070222
253.403257
294.714845
304.110983
291.173689
280.325659
252.190235
241.249508
273.944055
264.688230
272.113484
242.794215
274.386188
251.482229
242.511253
258.188012
9.209731
285.709571
271.415182
230.806946
260.855006
290.896801
-3.070468
233.413917
234.955203
238.766620
246.611932
272.693857
263.593087
280.679798
293.141595
264.190189
236.364894
249.257614
268.093790
235.766290
260.556564
266.961162
205.305164
258.438522
261.723392
241.915869
263.415563
252.420154
256.301804
296.397585
291.242981
225.606012
244.217432
278.921203
254.072591
265.503427
296.811747
266.643116
257.393934
297.157058
254.711100
232.462725
300.309459
239.087783
250.686428
227.750642
211.681038
287.985516
244.877702
250.260696
295.526696
259.021911
253.583449
285.914416
282.955348
294.161692
291.889786
277.842473
249.128436
269.138972
276.843169
247.565023
236.909874
252.730311
279.105470
275.302936
278.610141
272.041086
274.443664
201.002629
246.675814
277.708383
275.098601
259.421607
293.660939
255.774942
285.999555
263.569450
259.098468
241.161513
296.111499
227.505012
79.845298
304.427663
280.137691
259.799712
250.313972
-5.094440
278.320985
278.501278
286.464035
314.224281
284.420817
293.297797
248.947534
238.265685
259.963470
282.729626
246.677205
316.379277
257.537382
287.293374
305.072690
280.644645
231.029506
39.450689
270.298564
263.498347
232.044601
209.692797
294.970938
231.824978
230.746187
290.303948
267.806815
254.131322
271.542152
298.808879
262.768233
304.746884
139.031412
209.189985
244.373168
250.860353
234.421559
257.842868
285.605191
208.777786
160.998577
266.779762
273.011117
246.583478
223.434504
257.685549
218.781934
217.827650
149.685845
260.942228
279.097570
243.330201
281.440920
214.561183
178.906806
234.016562
235.443281
237.994440
266.247410
266.090398
68.407106
226.776856
272.272709
17.466838
235.479718
280.578671
227.144302
270.502554
-42.857804
228.726635
217.220847
5.100588
243.504797
227.007705
267.120860
266.419681
82.209086
209.288603
205.172313
197.705314
208.035138
23.876761
223.678246
224.804466
197.425728
163.469949
144.712111
-89.157201
-76.693779
213.619027
194.861792
258.656382
254.155733
173.597365
272.257847
233.316900
188.467570
147.579421
222.691575
219.793328
175.642437
257.114717
247.940666
240.064724
38.160520
224.621236
244.863685
230.588762
278.443688
248.202961
283.097304
225.163838
272.854675
249.748824
258.395467
205.847047
301.066672
254.637537
223.787884
247.818172
262.469042
239.676903
205.250283
200.976100
233.648682
278.724608
205.829575
249.661061
277.616724
260.885717
299.874428
247.092312
280.542836
287.213333
251.288833
277.940155
261.258577
237.802465
284.988014
238.708461
304.183356
270.657148
219.297003
308.473286
304.600959
295.036798
303.396893
257.659172
230.361505
25.224142
242.801753
260.359727
274.123651
306.246647
236.557174
275.196423
230.438064
256.797174
262.958946
243.930181
275.574538
14.576306
263.108904
240.078356
257.611740
234.799688
241.116465
247.964349
287.864328
253.732700
70.431457
259.010161
242.106250
264.997634
257.806513
291.911154
228.027676
235.192562
244.834762
254.952962
243.882530
285.074776
299.706751
233.056396
280.348290
223.105316
259.581267
243.020570
216.300091
256.936689
248.479481
259.197496
268.338821
264.510176
268.204586
300.277727
266.485757
270.421251
167.319480
265.904499
241.658018
284.978116
259.778962
258.677008
-44.328624
287.770899
-0.894126
233.772098
275.675064
261.247557
-208.431257
221.187795
287.038592
233.458412
270.361136
-214.017748
222.402738
180.754135
212.464820
247.737515
284.735891
249.892623
263.212426
233.836807
234.071538
265.564517
6.855067
229.511123
44.944690
275.536392
254.765336
267.132300
266.834110
255.548740
261.052070
232.577474
290.015263
20.614677
273.523305
230.740115
265.616444
274.483175
250.053750
260.340182
227.847105
231.038608
27.084418
245.592654
248.860340
222.697395
261.074263
230.200167
213.290195
253.120168
278.487058
277.764267
258.157339
266.886284
279.312457
251.807260
251.600497
252.556006
242.567099
256.019070
217.929551
227.475251
263.088905
224.650904
237.631952
282.921631
286.636973
226.352713
264.224110
223.566417
282.226676
274.655846
307.906241
230.026898
247.349521
261.138978
254.598599
97.047283
275.047611
264.976656
271.738897
260.189526
269.727497
283.543471
279.417821
248.246938
291.957140
248.363889
258.123093
244.043978
264.095021
211.969213
280.325781
270.016912
269.896586
195.875349
301.316192
213.854114
244.166906
285.137661
270.746554
268.661578
280.167962
297.238011
251.823807
227.729304
198.558427
279.282779
233.354695
251.388784
225.236108
224.463312
219.164429
260.104551
251.403697
226.320500
176.966689
185.964862
278.996142
261.359807
204.641315
275.430392
261.419331
232.362895
259.494451
227.866555
210.394268
213.636231
221.591302
217.605144
280.906559
203.389282
254.953730
244.235654
248.199745
251.832537
205.438698
232.537722
212.811672
253.231704
214.792150
307.530088
285.777719
222.743053
289.426999
204.015713
222.062506
257.830240
227.810779
268.287826
221.105381
265.855692
205.975398
254.540876
261.748870
303.413971
234.786054
290.675077
264.160294
264.661524
214.295970
281.105735
239.759390
258.879196
306.651939
301.743744
279.223750
272.038873
235.595220
292.093789
262.567317
251.630606
245.303058
267.795388
293.336850
225.071284
253.072320
273.073050
281.208143
256.960395
292.032338
234.144100
263.607260
240.502430
267.364490
235.713218
268.748464
239.175864
-48.472037
239.173083
259.430031
266.119513
287.771958
-9.626300
181.812887
240.407205
262.688138
241.952586
249.036127
263.073891
241.009721
269.476047
265.822878
227.743452
-3.254837
221.702266
255.259563
299.791656
238.082481
188.280705
234.283552
-35.906743
235.095223
279.721760
215.616676
245.387570
253.220468
224.806549
242.411608
-6.076424
192.982343
252.328581
252.330746
289.179105
177.187480
208.985460
268.488904
295.379304
196.830071
228.533827
215.535625
292.776453
257.058793
226.190527
252.124448
237.784740
201.146662
231.983687
262.353821
232.509018
267.755747
231.746528
269.794195
254.128851
188.804361
290.115525
220.275285
250.735026
222.301238
282.171331
213.443570
174.957696
247.734344
159.590756
275.981471
237.805702
227.512722
220.345849
237.822913
241.655622
248.623499
288.979308
255.084430
222.528204
201.703269
228.623249
195.915190
216.104908
212.563437
276.766410
269.601895
170.865748
289.076366
241.600730
294.450608
205.742187
282.451167
270.501400
229.637181
239.452637
267.770320
264.250955
220.400624
257.221332
274.589107
266.808602
260.646221
229.688805
260.526644
259.138190
283.916545
203.145371
276.703074
295.559451
270.883997
252.183824
199.731034
253.742495
292.522036
277.071229
194.428693
197.726915
267.219040
289.054869
245.342452
235.953368
266.096904
269.864932
194.698389
227.577929
291.720530
199.930217
263.301491
226.932286
225.384490
299.663038
299.548811
280.821805
288.776615
267.479670
249.122489
296.244213
254.332290
313.742348
243.802439
195.839191
245.476382
283.210768
236.568103
242.991126
255.705411
279.280420
278.461680
246.305568
252.069153
280.963968
277.652369
244.788161
257.672046
267.590555
237.369224
274.383823
301.272875
246.393443
234.892217
294.232476
212.089482
294.432885
4.117405
246.986912
293.569165
250.544994
212.528146
251.481525
274.708631
224.380138
299.148966
256.428737
263.825441
276.122626
280.947241
293.135937
291.837369
256.959053
261.613615
309.709830
273.205321
284.428007
253.712095
238.506626
269.292499
294.213559
250.597402
297.630251
266.786789
232.702714
227.068991
238.503498
238.336190
294.784694
260.715908
231.585835
266.339708
263.680168
289.542870
274.588372
272.943294
258.344505
246.874258
220.429849
271.889823
278.410652
270.067675
305.088748
212.886648
148.398831
283.541127
295.783560
49.458098
287.044484
240.679039
261.008205
219.351987
257.165441
267.068973
288.757907
254.037946
268.980428
269.314807
275.853070
270.343259
253.579478
267.547704
239.255327
273.556844
292.701408
234.781504
276.512666
272.603287
292.432042
274.440167
267.549393
299.740380
234.292825
278.991155
275.824243
260.813044
236.678264
221.957063
269.812531
262.544153
214.312149
232.785034
268.908731
139.423606
256.769560
275.711978
155.459426
254.917730
203.924229
223.226010
230.337745
220.041150
228.270380
265.335853
244.847629
228.457419
245.852205
229.302252
244.581158
253.018163
278.452329
277.547597
278.756520
253.366754
202.708235
36.259282
269.855655
262.998474
244.474984
214.459828
249.614483
244.864914
221.178407
246.166482
61.648986
169.764142
222.789330
287.158871
240.057503
157.011818
-129.584013
221.645142
225.558635
214.065060
275.170338
227.045434
11.588269
150.038406
239.274580
94.723933
-32.428358
81.280984
193.807950
-19.601223
280.373285
266.094347
-21.452423
142.283023
-34.168484
147.102151
63.239377
241.125952
241.974840
166.106485
-66.775161
239.299764
135.725270
186.343996
237.817190
251.571715
250.246309
224.645774
251.684819
-0.427176
234.705018
184.183109
183.184167
261.803996
198.414824
201.344154
-12.508472
240.196823
237.014333
265.638629
215.981462
245.118258
262.709494
234.001056
263.145441
251.459550
211.917618
154.501513
-29.810021
240.454208
230.965818
2.448174
232.775115
254.995323
237.259478
244.032276
234.282984
254.882347
210.183175
142.617291
112.555891
248.420746
151.549329
178.025903
142.086071
192.579224
250.658493
186.650589
-42.831668
196.811623
-53.251185
254.947256
-6.627654
270.226155
255.708222
167.460195
256.231961
240.255171
209.165995
253.142897
131.564552
125.049063
242.930788
258.069950
206.997097
244.602501
267.786448
212.744495
253.171862
190.085429
23.431366
169.607759
207.722698
-82.639440
274.696135
262.144055
214.522419
281.045537
222.116777
198.760415
-101.657781
278.392031
-62.679007
144.993669
247.478038
184.485213
223.520148
148.003779
242.325488
206.575755
-40.545014
132.794325
150.562785
164.029746
217.529897
215.647250
193.299954
171.439067
231.193026
237.917839
237.524384
244.406468
48.292827
254.424242
260.649644
172.895606
254.292477
224.011969
282.129749
300.769547
208.112727
224.894108
266.213021
191.508207
262.388212
240.283351
253.236372
263.835669
228.568790
223.667949
235.902241
192.179714
220.288830
243.171668
263.639838
215.905928
238.924576
240.034722
253.975934
232.890867
219.771959
224.346901
234.578287
210.773062
278.228892
239.368030
232.296811
252.306401
255.911881
230.201735
222.324933
238.818641
224.010418
241.118040
182.029262
217.832458
223.725572
269.242766
221.896737
-56.982770
263.995338
259.204165
271.538458
257.376381
255.709927
76.585234
224.425225
224.840543
203.737018
259.791059
243.118668
228.891530
254.972923
258.699264
305.162999
260.221362
264.570007
244.640169
232.704456
278.803545
270.296860
224.652080
269.883730
244.717098
279.949776
247.223873
257.502526
259.160030
216.927335
85.482249
245.967634
257.926709
273.080011
223.525803
253.676245
266.243057
261.784661
243.742228
215.497026
255.770893
244.156110
272.617033
285.139421
256.928834
254.248330
260.320448
258.158738
272.404701
267.633257
216.121684
280.029421
244.660645
268.536626
254.983368
301.875184
226.031403
135.166503
245.641051
269.711908
231.535410
232.885210
230.460829
227.497212
241.018358
300.816365
271.625144
291.134124
276.196384
265.226506
275.302735
271.511768
211.714473
288.733624
244.548323
254.617272
265.988059
272.293125
236.040669
301.946400
254.542072
262.406179
266.933416
256.325216
284.742476
279.545043
265.913746
246.749815
296.242901
278.083253
279.771558
301.101613
263.269712
268.849759
242.427885
250.123754
255.515149
269.427100
268.160501
294.205481
284.518659
250.884164
248.212317
274.728272
286.299505
168.527199
226.737405
251.919206
287.490374
268.238349
246.247637
273.525294
285.357459
271.579095
290.078949
252.910797
291.866302
287.263487
249.746026
270.532568
283.537479
111.238462
295.119472
280.408602
266.198230
25.695697
255.694068
256.298282
266.039771
284.590064
275.857042
250.078731
241.233513
264.440958
264.635603
265.743489
230.877202
317.077393
266.798943
281.113524
280.573707
261.379187
303.900318
247.133802
261.878962
253.003148
248.501861
261.561599
252.938143
260.893064
301.851052
282.171840
268.047105
288.014392
254.893201
177.239471
241.674235
236.884894
252.088998
202.462640
276.352641
268.663728
268.671139
258.077829
281.730538
297.670110
240.558276
274.213194
278.345724
285.704167
236.688925
217.238509
215.978639
228.503516
227.165437
249.605893
286.192739
257.015520
288.595542
229.249325
311.562612
255.725280
262.367759
266.053115
267.242569
275.026534
297.235509
248.007592
282.000266
283.841975
248.300577
253.454282
224.528872
223.252218
185.885188
205.016813
223.035414
253.005612
183.403208
229.970867
283.726692
278.312748
274.741176
267.908136
217.046153
273.244767
236.489508
262.775929
239.390913
236.313845
216.681547
280.488551
274.584559
238.000272
266.525633
231.965165
231.806775
271.213493
292.416456
276.928757
283.463680
276.203130
270.084014
244.872386
267.091815
263.312515
272.791570
243.981606
252.782322
288.735383
235.338713
247.485572
233.418061
258.338492
253.347106
265.501122
260.986703
269.176792
218.040068
226.071442
237.621457
235.545008
244.747237
259.918912
229.007479
314.624911
287.121756
267.932819
250.381592
254.698956
242.135673
262.188880
317.637836
257.232059
304.283140
262.061869
264.445405
262.699386
290.682775
285.565905
284.783564
268.884272
236.974181
232.388907
250.852317
250.095006
264.559152
260.096504
196.736028
249.867084
255.589778
286.933919
290.205426
307.803564
216.655400
261.605459
275.263980
290.317100
259.099079
255.037585
233.659594
286.345805
245.187750
301.905783
254.369506
221.697040
296.829507
302.665763
291.664404
253.989897
256.392549
257.060034
261.671228
236.171167
246.861604
235.121948
255.007465
256.208548
231.578989
237.039465
268.240853
269.038577
262.448735
300.222886
287.479613
269.828182
254.357124
281.416949
299.381322
300.255335
276.458581
284.113782
256.163771
291.206840
268.553572
291.187269
259.916024
236.585009
292.461469
292.255826
285.418566
268.472500
280.713588
249.533285
255.571569
235.185640
245.353187
285.492924
255.079113
285.172092
288.064306
235.695096
250.578690
236.510419
291.089411
251.510829
268.237810
259.461242
270.483978
267.195511
273.935396
255.321890
248.320381
282.441573
278.419756
236.027877
292.417632
246.751943
254.745646
297.903995
244.271020
-174.331408
264.320351
274.328105
256.534853
237.955741
242.430562
240.566483
240.089993
274.667311
238.014924
302.847621
194.084967
224.004647
286.274747
259.590635
275.824997
259.217537
267.144187
234.685245
293.501568
259.929028
280.968416
270.141790
279.930237
276.667193
267.487766
237.245236
287.867492
279.317862
272.507728
275.474618
275.721525
284.051253
263.973676
279.144342
284.454741
261.821346
256.790291
260.394496
272.566315
240.001612
251.944728
255.480326
273.430391
252.024346
250.412857
268.354336
220.479104
234.993024
295.765903
290.276160
262.353562
275.919416
263.488523
304.242250
226.489712
-256.873871
255.576137
208.248035
216.906045
199.654093
204.243046
-35.124327
227.856915
220.828152
97.997099
254.757338
238.674128
252.630090
247.052099
262.818566
243.239735
219.672495
164.590084
205.881594
208.548285
212.970968
200.614836
239.775014
198.556780
231.036307
152.853571
225.813957
207.845040
274.735690
250.225321
283.297551
241.526610
209.120388
260.545779
278.938391
223.283038
250.445307
270.237366
244.599067
238.983145
248.796507
239.971067
265.092836
276.241394
271.294818
228.519454
230.290053
209.509351
242.937694
224.396038
239.242583
229.420646
279.227997
227.901267
234.557161
262.997089
258.694746
252.127038
218.963689
227.545340
234.071481
244.597464
232.654299
268.985245
253.185263
258.846313
190.237786
239.991522
243.481224
196.905838
253.554998
243.490493
233.659286
270.855497
221.749723
264.753612
293.288445
239.237717
213.635133
271.137846
277.402165
250.136561
210.368741
257.081501
213.836554
230.626613
238.976036
229.996580
224.731183
235.357210
262.366137
154.304698
245.727332
249.743188
278.368113
276.234615
242.972889
228.172857
243.664308
260.591952
240.784009
247.111348
238.036658
280.221918
244.496608
265.429236
264.675931
248.009128
238.673694
229.350586
238.816270
264.129516
224.552782
275.433062
246.877086
264.799529
294.474799
295.876527
277.864264
270.799412
272.380034
252.277482
297.290736
290.388390
236.758923
271.249058
260.508213
255.007520
257.582193
262.844920
253.039084
226.998120
264.794586
260.916312
239.083822
243.217585
255.588326
267.947377
231.290960
251.406970
236.666250
263.352763
269.316011
252.613688
283.755304
282.485942
295.036998
295.228768
254.101363
305.944776
256.216153
269.190572
278.767401
248.145489
301.844959
253.519504
250.349097
273.932250
231.827706
264.174570
266.435425
259.844277
269.518363
297.318299
270.194369
254.235566
239.210629
288.440399
237.861084
286.161167
203.142794
259.681755
266.109150
264.424428
248.682464
215.568014
248.727493
264.150424
254.578106
292.256254
294.134662
269.155798
248.039447
270.821005
253.398059
266.215525
239.002341
255.025082
235.675041
281.221989
270.996436
226.662083
248.528922
277.459051
230.868355
269.351815
299.717398
258.422277
278.258097
259.614283
241.534103
31.223303
241.256616
222.406319
233.981813
189.297340
-24.038607
267.927665
260.330306
7.114254
234.127947
215.167065
257.821728
-7.914352
269.023136
239.899208
