-90.780984
-316.276572
-428.127075
62.825786
-500.470527
-186.526687
-524.863234
-445.769803
-249.733558
-307.648410
-362.009536
-500.905277
-173.044988
-439.270273
-130.969672
-166.399907
-198.584337
-145.373138
-153.323525
-217.525161
-179.594872
-190.743702
-232.992467
-189.533447
-185.439517
-246.079824
-322.639680
-212.252521
-228.795937
-243.645055
-212.789941
-221.368894
-254.868869
-147.879807
-122.245792
-145.149717
-170.065035
-395.358468
-242.697154
-346.525015
-197.525373
-428.900358
-304.166894
-434.612628
-405.107438
-376.432072
-557.771576
-369.031461
-217.189053
-96.036792
-164.858950
-138.695204
-206.387432
-196.419777
-150.779836
-159.077819
-167.307763
-128.917656
-131.921649
-122.009009
-142.207632
-128.696918
-172.691242
-101.233455
-128.897966
-109.086882
-152.222516
-109.148535
-141.638800
-68.381538
-164.579632
-98.118840
-187.011813
-142.415944
-182.490453
-152.207935
-180.659076
-87.326591
-94.713416
-141.185191
-194.613353
-142.596446
-125.588071
-175.359253
-121.528659
-147.269179
-84.914610
-128.111845
-137.104448
-158.662300
-121.532560
-147.211868
-140.487853
-122.931846
-197.082998
-180.198815
-171.463064
-157.961470
-135.659631
-161.855329
-179.821707
-197.990133
-135.888503
-165.734768
-160.652704
-104.940659
-121.981390
-157.650574
-127.653032
-156.660040
-138.574971
-113.198573
-218.596781
-125.044504
-171.690995
-180.793272
-156.842871
-170.291229
-144.276331
-143.972489
-213.701780
-132.401243
-146.506983
-159.180648
-203.798536
-123.295894
-144.339513
-131.844955
-133.975957
-139.719011
-127.122610
-213.599964
-156.292058
-169.675079
-128.748409
-151.589362
-164.475418
-136.102167
-124.898125
-137.949292
-128.471111
-167.020367
-145.429681
-123.980368
-113.611893
-138.943095
-136.382860
-131.747409
-137.262904
-138.811880
-109.323621
-130.749522
-119.650296
-139.502552
-161.167967
-146.511736
-111.549407
-126.593897
-135.844640
-124.482423
-156.554887
-164.250597
-169.198995
-143.568092
-77.720014
-85.868850
-130.732519
-136.149267
-129.582046
-95.791844
-44.521192
-80.495044
-49.907482
-139.120738
-103.398858
-33.025986
-8.730438
2.439284
-118.424202
-37.039016
-26.050380
-32.947802
-31.195973
-59.344245
-43.557553
-77.599106
-58.182227
-56.579858
-96.812382
-37.070856
-57.637214
-19.643639
-6.863066
-24.673832
-61.223978
1.455189
-50.489281
-147.083728
-37.266037
-59.259789
-13.128968
-7.573905
-75.512124
25.905505
67.043816
-102.710601
39.485577
-120.608644
-150.137609
-126.560211
-72.970679
-76.046619
-19.017589
-0.178965
-26.350156
6.616636
-11.107873
-21.441811
164.125315
-52.316842
-65.833659
-23.075092
-23.404773
-19.506024
-10.051385
19.274564
-15.526182
170.080887
156.737375
-14.823553
-51.978239
161.815653
123.189380
-69.052702
-106.769749
-104.254548
155.347737
169.601383
-56.588842
-49.862579
-99.478210
158.732060
-71.854554
-4.272274
124.162430
0.810628
-254.949806
129.956132
16.315559
-160.065473
-25.426093
-57.082112
-40.955585
-209.144763
-19.437003
7.165728
-15.449048
2.497884
16.748823
17.431134
-49.743740
-39.184399
-42.853982
-21.043618
6.133228
-27.589331
-44.478457
3.132822
-13.436249
-16.560721
-27.613910
-51.483264
-62.312809
-40.930871
125.240755
163.346806
172.920782
128.068627
232.437223
-8.161239
209.730040
198.471621
-12.693331
240.041394
172.081668
-141.014922
245.981251
218.645273
159.727232
152.238766
-37.930731
-14.270555
-49.946143
154.281520
-44.326319
157.218161
208.452737
187.253484
193.204063
191.927970
229.994198
237.336692
204.906532
233.443334
251.674140
29.161581
-45.299900
-36.345596
-28.449788
-73.158673
261.191845
266.462495
257.722676
-145.893147
225.182438
18.371355
137.633840
-116.746228
218.324495
232.688384
-88.290200
184.792904
178.330064
-74.933369
-109.010898
214.596965
167.126085
237.124181
164.694399
145.542823
215.425326
21.139275
199.938442
-104.637683
181.431425
185.158349
210.632337
152.494561
163.994213
128.035912
257.224161
255.376935
237.254419
271.930399
209.119173
239.543409
230.710726
219.133695
216.749553
225.101076
-132.577429
217.222777
251.670066
222.501311
212.237259
250.134522
205.823647
240.280912
230.626625
227.550258
-30.612683
221.654376
228.668912
251.056510
241.717771
208.459936
212.126129
230.574458
224.533306
251.511705
243.330815
221.951840
244.371799
234.648098
218.607356
207.811054
244.625199
232.282726
231.619554
224.733021
231.589709
244.866148
268.234285
217.619993
246.838766
236.979583
198.390302
240.734279
262.808056
219.748493
239.911448
288.379564
256.086311
270.113866
237.378812
220.459561
259.771252
265.541341
236.827163
262.743055
239.226241
237.689112
278.470502
252.828606
221.671114
282.889324
265.195741
233.201442
-14.850314
230.374301
-185.489921
260.854165
239.991201
264.536422
280.667339
280.138488
270.448314
242.290883
260.952406
221.837223
210.848359
178.281695
133.025055
97.706961
121.356803
188.931757
232.330357
208.130437
156.780127
242.451630
103.738146
206.403701
263.226031
183.626066
247.949995
274.885843
179.469600
273.082774
257.287861
246.559304
262.155825
181.486011
213.077341
156.110069
172.485239
177.847763
212.245299
226.848053
151.228584
215.982196
188.602839
275.486996
255.956327
269.332178
223.538598
245.322880
27.109639
255.578055
245.568127
229.387910
289.840814
245.358989
264.160363
234.517542
248.742808
255.575294
222.974299
242.205034
216.027402
202.474702
238.357088
274.215838
265.939060
256.728415
220.043788
275.747591
142.072152
173.834736
237.140553
257.399998
221.645415
222.203896
245.532867
254.010000
258.931514
241.874898
225.803810
234.774742
210.462867
278.667309
111.241005
254.106261
210.054889
165.269931
208.216981
226.180543
42.797510
203.112528
241.471885
250.435165
255.972442
251.896615
-17.745885
262.923844
235.377457
229.110403
216.732393
284.789533
252.807820
254.351534
228.679725
231.457352
246.742476
269.059254
274.668929
286.357014
210.231737
232.794337
217.312881
268.076388
204.417278
175.367371
235.219096
245.007007
202.581416
209.795271
220.849155
184.941236
238.265858
231.301496
157.699034
217.448637
-65.954645
241.621954
247.223165
256.830313
226.345374
226.585702
219.449293
245.238773
209.228230
225.164008
192.828227
204.537932
210.679202
233.031428
258.624764
239.762701
234.726014
253.325280
181.543733
239.819137
268.544747
264.599924
249.596625
217.465606
230.949465
241.901639
263.510376
231.883401
272.330840
203.509836
178.926590
209.356607
-3.945047
-58.320376
227.360471
250.225185
282.034255
210.927431
231.890338
235.669215
273.516310
248.208831
230.770397
236.492054
227.111030
243.451487
179.682910
-141.118162
211.747211
207.620370
246.635253
222.498783
274.444598
130.239993
253.970646
279.640960
-30.103440
217.007371
286.951671
-55.225201
289.497240
234.560303
258.846082
220.689065
188.262113
257.837120
210.169661
195.605371
223.513797
112.413301
27.927684
-15.311763
3.813311
-118.494906
285.096071
-67.434107
219.632724
278.276617
138.221226
236.988310
143.123760
196.588458
180.042496
191.105087
221.735137
186.754258
152.829297
22.580507
163.494457
-52.927137
294.252180
72.737593
-14.332899
181.946368
187.926013
218.240027
282.253761
185.010248
202.210483
277.979857
170.126106
201.315908
167.103524
174.794273
211.517902
225.139126
196.021231
219.573661
236.285535
189.006804
216.393005
309.106364
209.028694
236.264379
222.934384
274.073312
-3.065144
214.648525
241.397919
229.586367
280.079614
314.848769
-181.446564
164.649382
231.760949
226.466068
28.868501
237.526973
188.973482
177.755548
-8.093994
-18.109586
8.801866
-73.560945
28.872738
237.887054
222.177058
175.992034
114.359613
30.552625
222.006438
17.105458
229.330803
157.597597
195.470076
253.754665
265.245115
211.834039
251.023553
256.261219
198.325104
252.071679
244.225210
-54.061075
-10.353338
189.462803
-38.822071
-106.954011
273.447412
-118.363280
-40.616526
-171.289780
232.355464
248.231448
-10.981451
262.189141
182.432749
212.206474
204.844693
262.368401
238.565837
217.223861
169.187490
-64.848605
-166.661131
-120.469309
-126.481051
-199.969456
-121.750516
-235.447280
-118.956528
-47.198012
184.651918
11.638096
-84.872489
-140.782063
186.230713
-18.603547
165.351824
10.520170
35.921345
-75.758297
-5.428442
180.399443
225.262973
186.691040
250.798865
11.836911
-24.863482
72.446555
205.872337
68.405953
-103.326997
-84.157861
81.201659
139.625977
213.034825
219.289646
284.536078
-66.119917
-46.539056
-24.991636
-10.617668
-6.560636
136.417082
192.685535
195.031773
157.824006
17.096239
232.225557
-52.471792
-21.007342
195.556238
-27.277535
166.663639
17.933367
-8.100484
161.872801
173.320441
-12.080401
-16.595475
189.827923
274.321387
188.830490
210.322659
19.636423
237.702786
250.004353
177.335247
259.059337
231.244524
279.457589
269.838646
228.742510
238.835486
253.257722
207.902212
259.727076
280.140069
268.018271
243.683700
124.261516
264.154429
253.739822
238.049174
259.678034
195.476358
150.595121
200.886466
251.620150
221.477203
258.700985
250.711845
212.917327
258.934829
219.635199
257.470979
213.144149
238.340370
229.963121
257.963133
-5.525130
305.200966
247.412621
209.310714
278.795227
266.382750
253.640074
254.271149
248.767739
269.429572
240.911663
221.592898
280.276240
267.560113
282.020843
278.781460
28.511362
276.601247
268.741187
304.190768
290.343113
284.264721
249.623059
256.765621
238.746452
209.004401
240.086891
273.279006
260.882240
257.303632
293.019251
235.042779
242.344523
225.250269
42.672865
232.819307
295.860397
311.373976
235.142948
270.513638
263.717910
-4.743455
46.037256
251.373320
34.835118
287.518879
266.544438
284.754285
290.255515
243.022264
210.858551
190.096946
-18.870053
195.437802
263.396001
212.310211
255.526481
212.311771
234.483815
7.078138
252.529527
256.830520
213.006105
266.424056
222.919191
244.105920
247.134173
206.347220
-7.787064
240.103875
228.004142
269.121469
263.316652
239.650208
257.143160
274.163804
190.440210
223.338813
287.243993
257.399134
294.884390
285.281397
230.652549
230.845732
236.605100
210.022484
254.257277
282.694983
283.260014
245.176982
246.904531
262.298836
233.382501
272.923094
252.272510
280.395661
262.473316
291.105166
256.559517
289.490129
254.456791
227.576831
258.378015
167.686792
265.984001
276.043581
265.145923
252.790168
269.630942
264.074101
251.316262
247.032559
229.238410
261.384162
243.696589
236.066032
271.114441
244.463911
160.389584
249.711939
259.046314
238.478441
223.734748
240.304382
228.019411
277.420388
278.300587
252.050043
225.066008
249.589707
-14.896459
292.566001
270.912499
219.089959
-40.717451
228.415136
264.680673
261.941519
300.642143
265.598175
234.129075
299.601764
155.675720
251.482160
226.417440
268.197653
240.005153
266.853727
256.881152
-46.446038
166.459858
282.457663
244.456552
244.381612
22.149601
249.762684
209.701837
262.717653
215.446028
248.311996
260.961934
234.054187
224.884764
280.496603
259.343239
255.386938
267.613523
224.713210
259.663167
276.639528
241.467233
239.865714
241.990575
210.367627
261.296750
258.356665
230.705868
262.055293
246.873152
256.099764
210.290082
266.043258
257.807689
281.724765
252.882149
220.231460
247.492099
257.805722
255.075771
265.045721
295.465720
256.338465
252.949226
258.527245
259.954728
241.830514
233.839703
181.108060
246.642982
236.760915
227.704693
247.937493
241.368112
276.486776
267.161895
247.210540
211.270746
262.177259
254.810750
229.981321
232.736321
256.346677
244.422251
242.218916
233.847009
280.534068
197.563771
274.152220
290.145519
257.312856
257.545035
252.407246
250.093081
262.177959
277.806223
279.645559
255.485190
291.996598
234.172701
196.769258
229.580265
232.096424
258.866644
220.280004
252.952562
283.642453
251.172613
230.366546
263.274898
224.264510
243.460610
216.631420
238.237463
285.704843
263.284753
256.448174
227.321180
262.878887
226.750748
233.438257
246.325057
146.189064
288.543874
252.123561
276.334484
247.732832
279.263328
256.397905
-164.855501
276.468333
221.593573
119.916533
280.245936
218.346743
245.865440
284.642220
280.533561
276.179354
291.225282
-1.922232
276.044813
256.815963
274.868583
282.880357
250.979974
274.019151
286.474155
283.229786
258.982409
259.043702
265.986152
236.012382
274.124586
289.561231
278.597238
283.593318
290.666042
262.742931
246.228999
291.922848
311.792678
300.374076
286.339381
277.719241
241.709637
286.785826
257.349057
233.506351
279.674619
267.590264
277.739199
229.111832
262.316269
264.242609
224.702058
296.943232
247.613680
169.937099
238.339320
284.382839
262.380128
283.743685
260.034541
267.791321
279.150995
271.629919
299.225189
278.412124
266.769032
258.782960
238.318090
266.484827
293.614688
280.279114
262.864003
301.036663
263.110704
252.447234
262.363691
267.149236
235.799252
64.574173
306.601140
287.270320
287.476849
274.071929
262.427785
231.875287
276.706998
249.520358
265.380400
283.926182
249.650813
296.314455
274.460495
284.006362
270.853414
249.357643
70.523047
299.528965
271.343487
274.994809
264.617620
254.742614
292.334829
264.973085
266.538687
259.505221
234.448533
228.585760
273.543519
266.407074
248.222768
254.401526
253.694476
274.595163
238.268136
261.671262
244.545888
274.927564
299.841885
265.702337
267.650672
292.591650
216.526605
256.976251
262.586405
268.540025
237.273018
296.231040
249.522555
255.429862
225.109470
255.189790
249.508929
238.773910
241.392512
244.751841
130.661267
271.725946
234.879584
277.499827
243.929329
291.371574
299.408661
284.168200
232.556225
281.178878
287.347339
285.485851
241.561753
253.043285
266.730269
266.572131
250.450942
239.950287
307.949832
299.352303
289.644477
259.044625
276.237083
260.849657
255.344275
233.034296
250.823088
285.295136
238.433514
250.787772
235.843194
84.528849
258.905280
205.138851
306.004665
278.728344
274.172038
284.676909
306.780281
314.994949
227.757470
297.796091
247.661691
65.237461
262.487885
261.013672
290.756865
252.081530
228.914045
214.602435
281.194369
234.838496
202.053061
253.320263
9.976023
32.886547
275.563316
169.302640
188.105352
180.490186
10.745589
208.684414
224.775997
178.975523
245.521579
188.478922
239.562837
206.242672
222.253721
-67.932879
267.555140
257.967275
283.537301
221.082817
-27.704256
257.417174
286.068422
278.477294
204.950064
250.157282
272.114673
206.721465
270.187625
259.583282
294.415998
35.467758
252.634906
207.559103
264.825432
44.870953
261.405575
281.080324
220.967237
258.936313
216.675588
235.777637
231.745293
41.497742
227.990693
264.787398
224.252847
257.362988
302.067197
217.151565
-14.059042
231.669837
232.006034
239.612114
268.480885
274.786302
246.313635
227.931447
199.680697
256.848387
255.959066
234.696646
220.975456
256.358628
223.818722
245.392240
256.845860
213.845877
233.091715
227.055335
298.106086
266.985719
263.731449
258.441629
243.193139
260.777470
267.739037
232.970625
263.470605
238.122168
278.229331
256.013308
260.565194
286.460928
296.932675
284.327272
274.306558
243.927079
205.897412
299.446861
247.815339
288.454927
280.995913
137.960003
272.431436
272.277436
259.791980
280.356696
256.073607
279.018403
243.334361
240.367468
264.157500
253.128041
220.864819
264.375140
251.040790
259.907739
231.105036
286.873620
275.246853
160.227785
280.392166
297.000084
243.596717
265.478849
255.121314
250.303470
259.304525
237.428301
276.272331
277.832865
229.221512
299.126305
237.475505
236.419902
259.761530
298.126994
273.767276
248.663426
238.085570
237.894834
280.947249
253.198034
246.837285
240.347256
216.582615
219.414341
243.574393
263.918769
303.608626
265.916491
266.908436
290.733198
218.212609
299.598783
285.483983
238.547540
283.253522
281.072287
292.923940
267.091766
243.553158
277.712406
245.477853
292.177840
291.838433
309.940467
271.723457
-92.422226
226.782082
266.083881
283.509810
293.326331
255.763846
285.253092
265.113899
287.473648
270.093562
264.740591
279.196174
232.648648
269.960160
253.308069
57.363608
286.660771
256.570592
268.079446
280.842291
267.721382
259.028930
292.943616
310.302904
282.038147
283.363257
267.394324
255.125642
-74.198738
262.454921
302.805645
250.785384
38.641453
255.611698
26.864639
293.688403
255.469526
221.945170
296.183924
254.625602
245.278787
249.014302
289.421753
233.767148
-199.946148
71.037754
247.647094
226.248009
242.893453
283.149460
217.478683
255.032149
-111.557647
-8.759987
257.478303
232.358130
258.651340
252.760952
257.155053
32.170263
10.348286
262.416429
254.592848
-7.035748
-85.353013
282.880948
-38.215776
265.437571
236.187309
265.290758
229.917234
268.316712
251.192897
253.308555
159.953653
252.506653
252.116603
226.586072
265.626096
252.776053
258.039033
222.255412
254.324393
231.497755
249.133268
229.420699
260.716621
250.679730
207.515663
259.775033
109.026338
243.277090
236.722536
237.550632
236.756356
227.531325
228.640634
173.511308
224.027596
217.214697
230.817781
203.755094
204.705801
243.547057
193.620972
260.709375
237.551555
193.814828
245.628171
249.485828
252.910043
218.217317
219.131040
261.667273
185.197203
268.827028
223.218869
228.528287
246.714398
256.434076
259.569179
249.603836
244.700171
208.553138
253.584279
259.072870
225.646735
259.325669
251.538396
247.324419
233.423791
261.466648
223.920046
245.012123
239.024269
210.266887
230.250853
247.704457
238.678906
224.615149
255.636743
243.398472
133.112165
228.858909
280.455815
258.089074
250.033366
264.552633
273.932170
271.804376
279.018127
232.072978
243.255789
206.079187
256.754595
229.109230
252.896700
259.083624
241.590452
248.053723
236.772222
291.251460
251.498291
251.379403
239.510604
264.344868
277.924372
227.713528
226.651397
242.870105
246.599151
266.066630
272.543461
259.443864
250.722337
221.815800
248.151497
266.144241
196.562734
211.262165
129.659310
224.760087
252.083447
220.798680
232.146866
271.587762
244.827095
245.746216
221.741913
270.855687
237.023633
139.695174
283.690064
287.067692
248.088436
193.711577
203.502740
234.828839
264.339323
252.383414
242.042045
264.867170
290.730601
267.915870
246.525473
280.037399
270.891151
245.194708
256.628040
261.596859
253.987652
257.134641
253.645647
297.755844
241.957251
248.819018
257.015282
240.791815
284.130714
219.092391
241.998385
255.126697
246.318566
254.534999
255.469529
257.306043
272.845231
265.988368
254.106613
239.478496
269.505505
259.912505
235.730563
248.219211
231.530480
270.151590
289.704601
289.899177
227.047655
264.802211
286.243563
230.878331
281.978154
226.007403
277.834299
276.839205
180.134719
246.555847
287.390027
268.195376
218.299299
284.395417
304.437277
294.645811
260.281328
272.099695
212.319441
279.287996
258.157500
267.525676
258.328355
228.968943
257.511508
240.421610
271.847055
270.986677
276.886714
240.735584
259.921059
294.329863
301.129417
2.728718
8.856381
272.926129
264.736352
274.394607
260.971279
236.459045
-29.159429
243.351687
143.302726
244.783459
231.884169
245.643680
19.106752
28.818410
268.625067
53.477468
242.114682
260.491930
260.908590
73.392174
282.728523
15.117523
70.807062
-0.895152
270.430373
230.663795
254.941210
16.998273
270.080295
272.175766
278.708124
250.817835
265.386290
233.535048
280.345858
272.735993
-0.842866
218.197384
281.670585
249.284153
239.788851
247.646832
258.096110
223.138752
222.280089
272.092712
267.992210
263.772476
255.589112
284.640804
232.050411
-92.282321
245.367164
247.106964
236.661834
225.429262
226.575016
259.223464
219.010359
214.358654
213.762421
266.948753
229.806299
205.366538
188.368976
195.023634
207.217191
188.682337
212.924086
196.144115
242.345723
245.256964
239.932992
240.629166
236.094208
202.783074
-22.581391
230.678372
212.704324
216.167696
237.080839
261.533812
179.346530
257.181060
271.933929
162.149562
286.580177
220.230116
211.970106
208.017298
220.842130
110.455022
150.933802
284.018287
268.343723
226.932903
194.808052
248.204820
267.784910
246.624501
250.213286
266.923345
214.063861
166.734707
272.872052
233.153216
227.897920
232.184097
205.125944
239.335480
301.853025
290.489701
253.169453
281.443893
249.808824
259.469846
214.183303
242.995434
285.473950
272.605444
252.651623
224.654667
252.260248
253.931754
227.994987
252.400071
287.229544
259.864057
279.588473
231.762478
230.206219
260.572661
282.201856
267.327620
265.755601
250.986073
288.726118
290.495353
260.598810
271.983293
278.823188
229.180433
246.121512
229.957115
282.753184
261.455376
295.947969
247.419428
243.529475
247.063674
272.433407
281.064634
242.081943
269.466679
256.961954
268.236223
234.842504
273.837479
269.097128
261.637456
248.294243
252.245891
259.927897
240.550129
276.326556
272.579797
297.045888
245.871042
264.254109
253.322346
292.903641
217.137798
215.112733
250.596604
229.001439
234.955811
211.734297
238.922623
249.825093
232.614589
285.435126
225.137346
274.571375
250.913323
218.736213
276.358450
248.193186
220.572404
248.808420
301.369837
299.137498
263.310064
265.059145
288.058397
259.178905
232.854426
278.498420
258.523367
214.055441
236.653354
287.846472
291.922833
196.738671
237.392609
226.110298
272.725844
274.876335
261.726170
272.902721
225.054496
212.611725
221.923629
224.696623
236.848721
279.587627
275.799996
268.919311
266.495294
269.937731
254.535086
246.585204
266.131704
248.683005
271.116920
240.022870
288.399409
216.131503
295.843532
241.040484
254.042792
284.924183
256.891636
277.371234
229.767209
294.674480
288.907331
279.426967
276.948791
280.665280
228.455861
253.224882
246.504039
259.510524
287.544263
250.411552
296.099088
243.788432
274.699416
299.300597
233.692996
32.865061
243.556698
273.758221
284.326275
264.532061
243.852269
246.675830
272.212657
295.488172
265.495679
238.967905
262.645745
251.625985
244.193179
270.395933
248.517829
249.236990
20.802484
231.393419
288.834069
278.801404
260.340896
208.584928
254.436372
262.010188
252.123289
234.374662
242.198658
268.932755
254.932961
229.996396
265.569671
279.763795
237.301639
229.482321
221.358215
273.762202
247.001358
249.986145
256.407676
224.310436
265.545242
241.869331
274.721303
311.223476
262.971715
259.869275
300.749420
233.246514
296.569218
233.359033
287.113446
224.130467
-305.334985
239.238882
173.007531
290.789929
229.669440
287.435609
247.872995
249.194625
243.227170
227.724485
246.675606
253.952666
246.982085
265.965253
249.458122
221.362814
-193.952596
243.409212
294.630620
233.300787
282.990903
