-87.801506
-505.695644
-376.871435
-405.005143
37.136326
-132.829448
-120.460414
-145.144339
-112.588318
-159.304602
-174.033006
-96.362595
-189.190546
-365.420796
-79.645094
-134.222602
-261.600901
-392.116277
-142.071158
-126.270702
-148.373255
-242.470055
-259.647535
-50.954789
-131.578547
-127.892815
-128.487910
-102.616010
-98.799983
-71.916064
-74.108048
-75.526090
-35.217737
-238.385968
-85.788432
-380.719796
-279.547494
-135.157018
-169.921430
-346.572026
-21.387607
108.067974
-70.575992
-18.546733
-25.760010
-105.819514
-50.361608
-206.746024
-62.062788
-146.219521
-69.722915
-89.288949
-59.944306
-16.779034
-33.507541
-79.115828
-87.314256
-135.162508
-28.986260
-101.513321
-95.161074
-72.733476
-96.395340
-72.408940
-111.293850
-88.608872
-83.834439
-86.831608
-59.035725
-84.872473
-105.113203
-97.333933
-78.216238
-115.930104
-136.711798
-61.013094
-27.533800
-149.033836
-81.673545
-133.601078
-29.069252
-135.286560
-41.192565
-88.150372
-38.456006
-170.812426
-47.752674
-218.731288
-93.678934
-81.372612
-145.362989
-150.413694
-120.434045
-29.375137
-173.822242
-29.136297
-77.363608
-45.575335
-93.499327
-61.247086
-211.344776
15.561238
-110.711687
-124.586089
-28.574231
-56.780730
-205.471040
-44.755623
-6.345488
-6.077629
-34.987171
-78.695382
17.936908
-38.477618
-81.800567
110.720292
-132.558220
-156.216722
-4.770080
120.187238
102.609888
-21.054560
-41.511996
-3.006667
-27.865342
-52.135095
134.308243
-53.799490
159.262158
95.509183
-37.064687
-2.642152
-60.593185
-53.235023
-76.484282
-108.951488
-90.973018
-49.519524
-53.362162
-31.926963
-29.560315
-47.783491
-57.032331
-60.493822
-72.368714
104.658869
203.577342
196.035268
246.759768
-25.803730
-23.188714
-45.633285
-22.636275
-13.840007
-51.325668
-30.293186
179.532544
-25.520394
-151.872046
168.840311
76.432067
190.717038
-35.097368
-16.604029
191.358162
-7.093226
-99.419933
-25.375295
-66.724656
16.822208
212.839749
-105.319778
-114.996002
-47.223805
189.814209
-4.490376
-39.223981
-55.421057
-44.025170
-37.346844
-2.773466
-55.236890
-32.928818
-35.200603
-15.423272
8.560044
5.287981
17.764563
207.166100
-10.357077
-17.588167
11.312813
32.216481
-33.936547
-65.225919
-94.843538
-101.370420
-5.889409
0.749510
-25.158943
23.109701
-4.948561
151.429054
-35.769278
167.922952
-34.635169
-8.571997
-40.488155
9.313115
260.101318
136.996171
-33.772022
171.978271
169.143445
-57.492748
203.387820
-73.355392
-26.468513
-107.881042
-99.612511
-65.791330
-14.906901
52.476359
-44.785401
-55.683865
230.606514
-51.967843
-74.532282
-72.390445
-107.636120
-96.840122
-65.313343
275.390009
-142.381851
-132.126008
198.254458
-77.653650
-99.178600
-102.555523
-14.578015
-74.513790
-88.833167
-114.996655
158.370796
7.639623
-123.194892
-126.802962
-124.715081
-112.671107
-95.766174
-66.222575
-76.437538
-164.441788
-86.347533
-79.732715
-66.416222
-126.981131
-49.013296
187.102387
-72.605550
-66.425191
-92.092714
-76.361881
-15.773918
-98.282320
-96.768316
-123.808636
-116.564816
-106.325729
-38.332619
-121.371454
-100.523147
-94.267514
-109.352844
-43.105810
-98.256935
-108.924667
-107.909696
-19.629712
-58.890952
-97.856400
-94.559567
-99.987977
-70.325988
-81.586091
-127.444536
1.475896
-100.280470
-81.443981
-120.785162
-19.062606
-136.689130
-12.780527
-97.163549
-59.376921
-50.295757
-34.300508
-83.659795
-126.951709
163.307866
151.985401
-173.293490
-51.236544
-51.649058
-32.595190
-32.458555
-99.189029
-82.755348
-28.189755
-93.126339
-62.193173
-33.161095
-49.722636
-54.300775
-41.965957
173.835632
-42.738527
-73.584197
-91.117846
-64.339304
-55.051931
-85.860281
-59.271563
-50.333198
-72.370950
-36.504666
-82.028616
-8.341675
168.656501
130.031145
-51.625574
-14.180764
-23.803559
-15.224190
-58.592969
-33.840045
-62.919725
-58.347215
-76.145695
251.701609
-27.931728
-18.827795
141.151401
-70.556312
-19.578466
-51.210011
219.338793
168.868960
-39.370220
231.073385
138.026367
-74.038871
-61.396935
-89.890315
192.874707
210.434284
222.175373
179.659698
169.003062
295.031767
181.329187
234.989022
154.480450
267.754059
176.672065
83.351298
139.961442
47.632419
204.971319
235.915299
135.340725
160.088916
224.106942
229.126005
179.255340
219.047100
224.006175
248.937284
269.947962
257.043857
256.024215
-9.411293
166.761860
232.705788
191.347754
229.707846
224.530609
241.090972
-13.889134
230.131007
230.686856
-194.058978
193.084373
10.601691
207.796471
256.850270
211.805183
202.200341
-105.725109
-89.394242
-13.369570
183.255471
174.126648
-150.141732
-151.430318
-156.263243
190.743686
54.096015
213.267012
150.247715
-160.335660
-140.255641
179.889584
1.238039
129.469084
-46.507271
76.082502
61.742756
104.378531
11.957355
-28.486802
2.118740
-128.126620
3.818760
-36.207160
-20.766187
-22.807635
-190.586254
-30.123516
6.498576
-175.201802
24.022181
9.751667
-9.065540
147.736228
16.327615
-167.581546
-139.264662
176.342412
-47.529674
-46.376972
-62.837417
-92.422893
223.473439
25.381357
-49.112199
40.044153
227.411445
-242.059669
-203.461092
-228.847588
-164.308749
235.631484
140.692264
-48.553403
-19.435148
-135.524266
171.584228
-65.799138
-19.525309
-144.039435
-40.242294
14.443111
-97.304692
-18.009213
34.377462
1.724511
230.200790
246.403373
-13.090176
-118.410501
32.199023
-98.810016
232.426983
203.446654
-16.529613
-7.068827
263.536276
206.443009
224.386485
261.065372
15.607750
-3.634051
235.436593
-8.970174
-73.968734
165.046877
222.354682
175.158706
172.303650
197.314483
187.304437
161.488500
203.051296
179.195830
-8.745472
197.188541
187.302979
201.388532
219.111683
-127.710275
-33.008961
242.559044
220.625821
227.459088
211.231882
300.622533
-27.056292
241.739205
231.296532
-33.845814
162.058110
224.887345
199.964729
209.566038
232.127357
57.490217
-61.720037
227.210970
41.204848
91.979659
87.419861
211.216178
207.510272
195.286417
204.937345
224.836852
172.661290
174.710277
179.523577
237.760521
196.802055
217.020262
228.737836
161.242967
188.479317
195.807020
177.512259
142.729782
178.668769
217.223464
228.134685
183.214570
198.641693
169.966522
211.132276
168.983000
203.470181
217.346774
169.561683
203.675945
218.055277
208.109810
215.122053
235.757768
222.572591
224.551513
248.059346
197.378301
218.349850
238.455228
217.819041
240.348500
237.130792
199.092884
229.709168
250.491979
243.288643
196.872676
176.908773
210.954448
197.803665
191.662749
231.068506
241.433398
236.697843
173.572729
119.098694
241.721711
191.416981
230.325347
257.403077
201.101398
210.889098
-65.879893
217.999576
237.254055
254.293570
259.888881
229.022990
-214.649508
185.500047
-91.658828
162.353516
124.714138
222.256412
254.267525
256.648564
257.176220
177.541087
-23.123432
251.777725
225.157588
205.645924
223.384453
219.343190
231.234668
251.923246
190.176133
225.717415
222.565171
229.108005
214.414487
242.112334
219.192859
219.251654
161.978698
159.897303
187.025124
164.422300
229.409001
236.742999
217.488658
199.110999
192.916434
238.713302
255.260740
205.011911
257.068191
241.512135
254.635799
4.891437
272.531030
215.251614
221.831522
227.726536
232.757277
244.686193
220.397641
196.613097
249.578309
215.898735
256.961460
207.476577
251.589286
217.916619
255.765404
216.069841
240.861019
245.341081
253.541024
265.168976
196.435700
232.670224
249.073880
236.747915
227.299531
210.672961
203.743841
237.922242
223.129568
258.027893
253.154513
245.425860
262.709227
266.381883
250.926570
222.568279
226.369185
220.007043
242.280356
229.210729
222.927970
241.713672
265.371221
277.093841
235.927549
240.005362
234.162514
266.697859
245.377646
235.145212
230.518410
215.620335
273.057076
139.236520
232.741425
266.144818
226.686332
256.476603
275.457962
215.868440
251.969176
251.775680
230.091971
224.928007
228.217241
263.265827
231.053274
273.626568
198.553446
205.514617
240.955011
229.763464
232.673417
256.263172
214.790516
237.546144
259.058814
251.566125
239.785417
261.213527
252.893658
246.769576
270.807620
253.856643
104.941623
258.487681
235.277978
247.796271
269.823077
245.594102
262.494350
237.235636
286.602703
260.054640
236.156525
296.395773
243.780135
245.765619
225.151567
253.929476
253.918051
259.025448
229.689996
237.750355
276.892239
41.082848
254.202478
-0.934762
217.637310
273.165650
278.788667
61.073177
257.012284
269.221406
14.752664
-0.853853
254.024509
255.667023
253.579936
209.774837
242.427838
231.954234
237.826874
250.426912
231.300974
274.608168
260.955794
247.703039
254.514832
217.205958
265.395389
238.225960
245.984007
234.379645
265.689460
259.611276
248.573483
281.555070
258.925328
233.357764
278.018172
225.676132
242.886905
218.917247
258.767622
283.471528
250.814321
285.344981
295.215187
271.727671
253.402798
269.136738
284.542835
219.859950
264.360875
257.617844
291.431068
238.357511
256.787043
298.434646
246.782511
268.513356
269.973319
256.658553
278.650935
267.869054
263.278578
263.380890
283.333310
279.010481
258.589985
247.045193
235.005156
248.027476
265.163002
265.782827
236.323655
257.869724
240.293443
258.656144
264.986250
260.331233
278.191487
269.334395
249.562276
284.420693
272.358574
13.517905
242.090910
277.750480
264.608286
251.873597
266.884302
243.917346
252.520856
262.969159
242.426028
289.120617
216.496202
35.514319
276.864828
274.260726
284.461026
267.514806
287.859001
270.363679
244.780121
245.911424
255.391770
266.956664
274.748988
258.350642
250.571296
276.124594
240.693311
252.449574
269.248067
264.133014
249.003590
282.024253
250.378803
260.932257
261.955316
256.266323
267.539274
272.047133
265.240398
264.535323
277.280700
273.323844
260.485492
291.440548
248.588740
244.677408
279.617328
248.646923
241.666895
250.673232
249.670631
270.873198
301.974286
260.088382
249.207258
226.179239
242.391048
253.502181
289.913979
287.251990
222.889891
236.111823
272.396564
237.171909
275.474292
290.574766
252.532493
243.306070
268.330616
267.594527
273.108592
281.986512
259.738464
262.826239
295.730658
254.725341
258.492476
269.475422
292.762626
254.373004
247.637103
259.331594
255.869921
239.014552
290.987326
272.869433
267.392645
276.409015
260.830187
225.191723
286.022092
267.340046
251.033159
284.156002
258.060175
249.276355
253.107356
244.716988
294.402388
252.579672
279.157002
252.350581
247.135082
281.261040
239.533726
223.295601
278.922784
253.843392
255.165927
237.985969
210.260846
261.879817
269.505704
264.424420
264.043314
251.118500
291.151086
242.536045
252.841601
277.720452
21.446096
243.777713
249.244002
253.940380
222.478513
283.655388
220.468155
267.265561
277.599835
225.557602
244.497966
213.020010
244.538029
257.109481
254.513094
273.132118
229.916809
246.985920
239.194516
182.933782
265.431859
255.466850
267.234768
244.613306
292.729315
214.527170
234.698311
287.077974
232.937901
209.252794
197.025956
18.207185
272.891541
273.013583
294.404452
185.161222
238.112860
224.394694
276.252992
241.055790
229.686733
257.916426
278.286819
258.024347
273.021021
237.486160
257.421879
280.407321
247.458552
291.459935
230.437107
210.397188
263.000389
230.316393
227.058540
247.498212
216.628393
237.672528
230.286380
301.427461
217.695477
262.835051
280.725356
253.138063
207.160215
256.302138
227.668298
269.793957
239.447144
241.705256
252.397355
235.706551
263.026599
288.306040
228.995446
253.500555
247.720265
229.962284
265.272960
252.417251
252.790398
242.332659
289.140175
259.839024
247.259176
256.058120
200.122899
279.023245
278.009618
272.555171
269.152464
245.697915
269.403385
248.399573
191.061398
266.387323
225.878937
269.594161
225.471335
255.650423
265.631194
39.137614
281.687673
253.417904
61.380699
283.319935
44.838391
39.175355
-76.134611
269.808092
247.443100
240.905708
78.456402
-74.707983
155.804707
-150.967665
-200.976698
210.119105
-43.234058
215.152405
-263.319021
159.619198
250.080208
212.785287
233.730745
221.403800
230.681815
168.954242
280.097091
249.599311
-19.861004
273.291490
-35.841354
-380.719330
236.791169
181.688353
-4.641693
188.304847
191.619545
196.748903
217.796969
199.283011
-264.458684
205.017315
149.943122
239.953199
235.055816
10.951196
261.045987
233.709852
277.723016
230.007759
243.111103
216.715004
200.714506
199.333096
223.349117
257.088879
237.578700
222.847399
237.155622
217.078268
66.164478
211.612036
-17.154808
277.182753
19.348295
138.706300
265.727534
245.398737
254.926270
252.403828
260.100794
271.904925
254.440478
257.725300
-281.539079
263.575588
245.337415
-131.593515
-155.118904
-159.011565
-240.691504
269.774879
264.484115
212.245346
248.428026
266.003580
262.865029
269.697269
102.197519
228.559673
219.482824
195.583375
-261.199647
-306.001013
-189.834217
-169.320622
-228.568106
210.612084
249.417359
281.832072
238.550596
218.196015
229.399093
168.202103
-7.168045
250.567466
-17.069295
273.447108
254.722267
209.217544
219.578691
226.925865
203.799881
-38.138889
-40.527084
-25.351657
218.851294
193.223690
186.496919
200.964861
175.069002
201.633568
180.733696
159.484275
201.439742
215.870323
191.318448
196.930273
145.486626
223.126309
210.119997
129.047823
254.721780
211.747970
221.582832
79.289770
226.372910
279.693379
-25.090133
200.754656
261.331514
-220.908835
257.106931
250.085984
235.930625
213.839270
44.608232
257.819936
253.841105
216.844277
268.096562
221.233973
271.026558
196.829803
255.334231
271.354777
204.236923
248.144847
228.246850
230.005695
233.102081
269.207176
265.704423
186.817203
236.349318
23.380215
202.008893
241.527233
242.597824
266.064851
226.356103
240.489826
263.073547
225.193496
248.850388
266.243998
247.683354
216.104174
269.834758
282.734591
231.539633
231.822352
252.244269
263.026305
278.752699
269.105173
275.835669
298.220711
269.093146
287.449558
259.189818
269.214611
246.566343
247.981294
257.857938
255.149852
245.891975
275.321055
253.651126
224.274084
272.698492
256.551777
283.327038
247.582567
264.648400
298.205083
243.084148
274.610221
236.028672
267.533807
255.983089
271.743945
271.400105
272.942385
255.826041
264.710986
272.465508
258.888984
268.182192
276.334015
265.420471
282.211057
241.361853
254.864938
261.541761
277.819494
260.454502
246.078547
237.087531
253.243620
252.912876
259.642163
230.441962
261.552225
269.086432
229.802109
241.218547
272.574756
249.807169
266.465342
137.214986
262.644272
272.518887
235.812784
274.697180
254.731515
278.808319
254.539635
210.676237
206.512689
292.814064
29.568620
-52.458294
276.522260
269.879652
258.806111
1.278686
244.012953
255.754844
235.604915
244.043024
237.535032
265.924898
231.893964
253.936175
-166.194933
246.858348
294.413622
227.656758
251.292477
285.306377
283.747370
285.074711
265.678488
246.835112
293.605293
254.382430
249.197331
246.145621
237.362541
265.407797
274.275380
248.620106
265.372082
245.239484
256.598556
278.978987
274.220596
1.152239
267.279178
276.812216
254.422677
239.940743
249.233665
266.765899
234.995501
286.885876
259.807769
213.369029
270.513810
234.235805
250.224682
264.680828
253.799388
279.126349
278.215734
246.483877
257.588041
248.225905
253.087038
229.041350
237.955856
223.820433
278.098172
287.276889
289.251902
273.834334
289.130239
252.873772
263.332902
16.343542
250.210742
297.878308
247.610146
245.947235
259.464355
47.154999
283.418769
236.773874
274.028478
251.415331
295.811587
282.858510
282.173775
277.642215
256.377163
287.743714
279.992138
263.293811
225.080955
256.812057
271.087606
275.150194
258.811426
252.768484
256.426860
249.077376
232.959880
235.641216
277.240913
211.398656
239.199733
247.163383
222.036098
170.727470
229.953298
273.798697
238.657835
17.512531
260.928885
249.320736
262.854956
-21.807448
251.854501
212.361081
267.647139
244.432379
242.996643
243.988340
275.203963
249.208113
275.946988
240.245044
234.229794
255.701480
241.793679
262.734540
260.921699
251.522343
263.242979
240.073694
261.282413
246.350988
245.767227
234.949023
243.568538
255.618323
262.471277
257.129113
230.500086
270.150366
255.946965
261.845822
263.039767
244.914394
231.027646
254.613070
208.157121
266.944562
228.181100
267.765918
296.815549
261.757707
259.431695
283.503985
256.672230
232.972184
236.136764
273.231009
244.088302
280.716275
290.008505
255.186803
275.943741
257.220454
275.102178
265.659485
59.558296
291.172505
297.780618
239.786316
290.110640
280.316193
-12.056412
0.293573
260.261988
264.724424
-1.880527
232.562379
243.906737
256.774720
241.963982
252.192148
281.553682
263.762208
254.489158
259.639556
198.654894
248.249742
264.422720
245.106992
245.385114
265.086678
269.616489
219.670780
231.366583
232.258457
259.424488
258.036230
228.908105
270.725616
244.107401
231.760268
234.471573
236.515421
296.521332
23.673161
244.838529
267.668249
208.961932
225.773876
254.222244
248.974480
279.654116
237.524016
245.153881
245.496192
266.068374
249.063789
271.077158
244.095467
268.270956
288.187435
253.095140
237.027519
270.267023
231.201572
253.274059
23.562803
274.242952
249.541163
214.455016
251.554801
-4.512623
215.411633
229.179755
245.329901
246.726204
7.159847
290.231778
283.554871
264.010201
227.350125
289.338835
263.629047
271.651916
248.166591
285.506731
263.140048
230.314860
278.182859
279.397168
231.288169
265.151248
264.331738
271.026850
258.224815
266.422068
253.637482
230.775031
241.154998
248.614154
274.155577
249.846542
232.852393
239.338151
235.297185
256.742142
247.280780
279.235688
260.598446
243.692210
199.550340
259.895443
274.565138
253.838279
285.230993
246.457464
251.626782
273.304003
277.067599
279.149200
231.510615
-10.440295
256.269633
185.281705
249.413996
250.754451
223.875239
249.714832
270.325878
193.659267
236.766111
0.665508
261.837180
218.408425
238.570893
247.593773
243.318465
236.420641
270.849912
136.525626
-13.717209
-22.624592
225.873377
198.458995
247.820728
229.324106
253.009774
233.862889
174.019608
239.636467
257.661032
254.866850
230.787787
262.802871
247.721860
258.686875
219.072831
238.595280
234.502250
238.667909
202.191767
220.648810
240.953072
243.697505
211.732699
223.024100
210.360333
200.168704
227.870128
221.338653
279.759574
197.898681
241.777805
139.893288
235.787798
265.574805
243.295211
56.418179
262.428640
264.777021
202.348258
267.063667
238.020172
215.492317
234.045529
243.228427
249.734128
232.755733
274.525954
248.986522
262.813522
217.846643
258.935763
237.742900
268.303346
195.383141
230.546026
277.399056
235.583679
212.847154
242.929141
233.375838
237.902930
266.963018
244.424035
260.508854
289.597392
28.277634
239.817010
234.579786
281.409806
227.050852
206.925683
241.808974
251.522707
260.398143
256.389440
268.191048
251.499939
243.448374
258.475992
227.488192
245.896342
245.099661
10.813679
-78.959683
231.331846
-151.829726
-18.127724
262.128891
241.395775
210.558624
257.084155
236.126729
263.389718
228.216816
255.234637
210.904405
-264.419463
250.817147
223.168193
-329.788270
250.447008
113.787604
223.605482
277.108475
252.452491
248.461142
244.841680
270.018951
-2523.627825
267.738967
269.483160
272.869787
274.285411
0.384705
248.702580
262.723822
-56.705522
264.300859
254.532464
241.679395
283.554951
243.910189
202.057796
265.199627
228.906490
258.883397
254.331371
236.961994
229.526025
259.496217
276.833568
226.843450
266.211196
221.544890
220.164873
230.826681
205.109880
233.075068
244.728271
231.356770
227.459636
201.283201
236.539721
229.658760
216.759236
258.375118
255.959300
249.661456
275.393407
250.999480
251.799526
217.291833
246.381523
237.904807
251.108827
237.140097
259.803035
138.078176
243.075862
245.641722
226.066802
286.284312
256.927226
237.736993
272.580013
251.910584
242.863331
52.267395
163.573423
272.892255
274.457358
255.244922
218.568495
260.179475
241.589907
285.219208
278.535341
281.218145
228.778614
248.159918
274.323526
238.170743
260.033125
274.516381
257.704783
232.106823
277.409506
264.473190
259.731643
246.132597
282.122174
251.678652
300.155521
248.217088
255.155377
266.725233
267.265722
220.667515
274.914035
263.849421
272.804394
253.311820
268.828254
232.214933
261.361411
245.254074
285.009259
271.023524
251.248402
220.941133
258.881555
277.572908
268.014078
280.840686
289.787553
243.678159
269.189801
259.417644
249.765754
256.192404
262.361503
264.558298
220.112972
259.123041
252.307168
276.315529
261.089353
252.044045
248.016208
248.881002
-26.897237
273.686244
44.324118
290.146086
242.380845
253.369846
-47.398833
22.207977
269.359217
265.335530
234.418285
238.251851
263.222492
-54.393912
244.783746
-9.885338
238.758861
251.343971
226.270846
279.087882
224.323133
264.196053
211.071850
-28.091759
7.484735
-14.028390
29.710048
-25.557348
12.690428
-2.611405
-11.377401
-16.169038
-19.406373
-7.938607
-32.442312
163.172474
207.201356
-40.824717
169.800326
186.888015
219.174754
214.138752
218.970952
221.474224
182.970914
210.212001
222.763980
82.996373
161.854049
17.223691
212.480091
227.288049
166.863122
245.741176
267.502840
215.445323
206.184424
261.653392
232.783599
273.137099
235.293943
243.107837
205.496436
211.961736
238.957146
252.331766
251.865378
218.702844
193.254153
217.241789
173.699567
240.601106
218.245888
237.170161
217.492114
212.114509
201.738598
230.499990
251.943517
283.418193
224.678063
225.683527
227.540614
241.612533
239.687571
296.675996
218.046956
210.519307
228.028933
260.304628
196.260374
254.759428
272.037512
237.657370
9.824119
282.850501
269.624376
235.483444
157.203879
274.191720
237.860655
273.139573
253.827368
283.679574
211.653777
226.365550
186.382509
258.167438
266.986496
227.898571
-286.734665
272.184798
-4.109045
216.898810
265.991868
252.871895
257.365530
241.957060
260.089010
229.071298
170.190757
238.483111
287.933994
284.985202
244.452496
214.075158
219.112050
206.976146
261.081958
221.245203
279.133606
218.454490
270.219969
236.042250
277.459081
235.494310
28.989871
196.721401
2.583422
249.305461
-19.458465
134.516272
288.482250
239.318909
265.734158
244.549545
268.255561
264.643547
284.107654
249.283422
245.389549
263.331548
237.284130
278.878192
46.113781
257.023526
255.610123
-193.152067
-187.569106
234.783902
243.914737
246.757812
170.009711
247.284326
234.662478
227.934069
204.830454
241.331251
218.335441
241.184806
233.745794
151.024087
237.994732
289.207309
-29.471584
222.186145
244.611715
266.442012
241.302280
-4.727666
15.594959
257.883175
276.872970
210.591565
-239.925039
254.458576
254.638719
254.885875
258.006422
251.883314
253.024326
263.704939
216.652580
279.577692
234.837299
248.878029
255.804650
239.030001
267.406218
260.620811
248.019122
234.196383
-361.916372
230.490782
153.949367
230.485753
214.391117
230.253341
220.867688
224.438142
228.155356
243.333814
240.640500
243.781731
213.209651
240.964238
238.227958
235.982280
249.247607
211.357041
244.114820
263.402647
241.065665
259.629764
246.842435
274.086020
260.625618
235.922735
247.217519
227.859667
258.609900
255.988385
268.572869
278.450101
282.217375
253.754193
263.237554
283.513920
253.262081
5.779717
18.443753
261.437728
250.495064
275.427062
265.149675
237.020929
225.076539
245.020413
243.239837
214.871634
263.809059
249.435482
259.108263
228.339120
224.918828
45.673393
245.699830
224.799331
238.131900
255.541531
227.689966
11.219305
284.525443
250.882729
248.264148
246.285453
228.690080
197.260000
235.433131
262.402800
241.150846
238.484215
230.834737
258.723822
214.655271
224.681376
230.486853
241.304649
247.335302
259.865413
205.211588
279.082863
236.795470
231.659411
256.775909
200.279251
224.536423
221.664236
264.697974
218.043826
231.117552
209.226989
237.096280
276.197070
218.647691
250.941532
209.067822
250.681076
238.267589
252.688375
257.201834
260.246628
291.360156
273.634528
271.152997
262.393209
255.035235
228.951644
269.275373
263.235209
250.463680
277.392170
228.797297
246.478457
237.547851
232.304477
270.562673
259.554024
241.992848
296.867764
265.895323
254.613606
255.385207
261.519992
236.870699
253.723130
264.318203
258.724018
208.871065
238.241562
293.534424
258.196147
216.280289
274.509694
300.974365
249.583715
287.774998
255.110012
279.445252
232.235563
223.385750
280.833329
233.112896
236.376314
271.089501
256.146477
273.171288
237.185382
108.386170
262.205261
252.079159
229.531246
260.548010
238.886210
186.531046
222.556304
244.848074
222.727680
230.466572
279.905001
266.732810
271.660106
214.268558
275.828835
220.480412
258.383469
200.635543
262.637976
265.485787
232.518963
266.437455
261.730300
272.262409
242.508185
228.682466
220.506839
217.792322
236.953533
246.638329
-2184.581378
246.800973
-526.807936
246.691365
259.939643
258.578126
251.724313
274.720670
273.061251
237.294008
-1120.821011
231.477730
251.540770
200.892887
242.907159
200.388144
276.756135
204.821138
247.048809
205.370089
237.534970
189.344244
256.452955
267.123880
226.732092
262.092521
224.601502
142.046297
263.025491
268.998523
284.349533
274.211082
237.601146
221.566872
287.343501
231.146133
198.695311
-274.793296
251.568173
230.363446
224.546881
182.167616
164.435194
176.703781
192.238852
224.958668
257.590408
181.328018
127.403976
210.739133
199.426660
245.348971
211.133600
200.161311
267.929256
211.881099
261.372227
236.182854
214.544129
211.818564
7.359219
171.025824
136.934285
233.204385
-35.790560
187.579316
187.897280
203.497010
270.989709
213.531966
228.227268
166.192263
217.689077
204.055209
191.318220
224.037247
281.104396
243.882847
242.155061
-385.152920
241.856657
217.246806
241.660236
236.142773
221.008907
199.378694
240.416831
253.726072
168.905496
244.037664
176.147637
279.931812
225.874195
208.349223
248.583174
241.761434
181.298267
207.832311
233.092723
221.406160
220.745599
222.375862
236.734082
271.165365
261.497834
218.201068
270.517473
227.525306
210.859145
273.430421
257.674685
49.577983
252.532939
297.264042
268.641104
289.862937
270.764001
285.715739
21.557105
23.824756
1.833760
8.398117
238.083070
288.088108
235.841196
288.394699
241.040084
272.335134
255.008425
38.943838
-16.921042
286.072373
259.000247
168.790568
277.970126
241.665791
-196.828922
173.589222
199.233559
243.396121
244.818978
231.178077
-20.696660
194.493293
170.788562
204.548677
214.902822
171.874147
185.765306
-60.672877
185.453975
237.767157
212.034777
218.162471
6.380728
183.515892
139.567623
198.316819
133.942437
190.288361
216.302775
216.285331
177.071864
268.734677
192.317493
-3.139043
143.428437
182.278822
204.971146
217.149730
175.621569
139.684364
185.438104
98.079543
-296.158211
200.783574
228.917053
194.420437
161.251350
131.143199
236.272708
112.310757
201.413048
-135.765900
131.681646
198.262621
184.317475
155.233795
181.262634
204.687756
172.691528
156.128743
173.035783
221.310760
221.584681
173.739890
179.624401
172.289968
187.334755
171.865071
195.601518
198.443073
168.552745
222.193019
213.458322
204.132194
261.111677
234.237933
223.304685
269.729060
242.549425
224.428482
234.992310
242.528179
215.677040
263.406552
252.697062
245.827516
263.227903
203.094432
228.802421
215.528120
234.417075
226.511826
58.744512
223.214163
220.002573
224.720140
232.792076
238.911415
295.553027
250.731428
272.140315
270.014953
262.565791
243.427375
286.898914
270.033030
233.426697
256.335252
251.608509
197.582876
298.612487
287.733249
255.447155
253.742853
224.537402
229.928603
238.449561
299.298679
290.192387
262.932990
274.496135
237.547423
271.919844
279.484184
262.322557
270.267281
229.150927
258.044780
196.906554
217.126490
304.225809
229.519940
299.772405
295.880972
267.677427
250.112984
259.583085
307.380903
298.773051
235.309520
306.839604
212.231747
290.516957
247.577738
297.368526
264.396919
291.607124
273.124140
244.205817
253.589376
236.150277
22.409784
269.881355
287.581661
294.210200
238.971767
282.370164
282.100860
278.829722
274.203091
277.680591
83.687768
293.892984
261.306763
290.197112
246.418640
244.686897
225.260032
296.952880
245.336491
246.550004
288.362048
271.905261
243.254958
251.325582
303.450584
282.645302
247.555396
276.125944
284.635756
261.903238
270.834778
299.877222
254.003564
244.993993
272.140903
264.585480
271.410173
276.391803
299.450612
297.818493
273.414854
266.115462
300.227755
277.045622
273.889169
307.838048
258.472818
245.031725
268.542728
268.978497
269.977613
303.468441
268.815722
268.259774
263.030998
285.848815
293.939075
297.094898
271.088934
275.647666
268.967951
44.621509
279.125202
249.685363
51.373510
296.170438
287.154235
270.602350
296.747028
290.921873
286.358372
259.141595
287.995973
307.557447
308.567069
308.748407
284.057474
58.494448
287.003441
267.667485
302.926980
280.142519
269.160622
262.758776
282.339911
303.534850
256.964842
264.880752
261.480019
274.899205
266.152198
283.647221
301.522422
252.594562
233.732351
259.642742
252.413657
302.686528
292.309726
273.830075
267.233115
243.262706
285.203409
233.979033
250.264640
287.129501
248.209789
275.685421
298.656170
271.485560
285.744062
228.489905
268.979416
267.641790
245.758655
243.633733
275.997554
263.460793
260.216857
236.620733
238.542760
287.868290
276.906020
92.990771
284.839154
259.858142
231.758828
235.733631
261.984885
291.756674
282.198336
278.968439
279.196359
265.463584
275.346064
279.662945
169.458758
99.306102
278.793217
229.478040
251.302387
265.407492
185.476961
229.733932
255.347493
288.179183
250.657117
282.627906
250.044548
270.835787
276.077233
258.952250
232.404052
283.747061
265.489189
226.250305
273.647555
264.092817
291.449231
262.241693
276.837766
271.260588
309.910054
296.500747
308.297691
261.864195
252.321826
265.573737
269.457739
287.306836
293.295304
251.850842
71.412607
285.354884
261.697329
287.066447
240.973613
260.672405
269.108570
278.655560
214.836699
236.059365
255.176760
223.343378
230.254114
257.964186
226.029003
279.979356
243.777985
26.743169
225.684318
286.977562
249.695465
242.520094
229.312183
301.892066
284.572148
262.908145
264.831345
224.367579
288.304624
274.455205
269.069107
275.887909
243.509320
231.121588
258.801548
290.195526
294.609536
275.407398
295.756574
254.917413
252.989313
246.312011
285.826414
260.887332
253.948611
298.336931
264.655874
76.281035
254.904694
306.722726
295.180897
230.000237
241.444756
267.697910
250.212233
287.630390
237.183706
280.217219
277.956267
261.720506
244.508979
249.425879
268.281572
242.998281
287.807349
230.079430
255.295928
310.100488
40.729733
261.672824
279.839483
260.109277
296.697048
286.850429
266.982684
291.611191
297.570771
276.024982
295.907826
281.791378
226.430441
262.731350
267.128682
245.457996
233.099744
239.038720
267.088652
241.774313
251.043989
267.149526
265.287839
283.605591
251.468309
294.636004
283.978706
251.574697
253.104920
256.545241
270.994486
249.315295
245.429336
269.246391
224.898119
208.082820
23.104287
245.382396
273.450253
284.078947
284.337350
220.534812
237.420956
283.300401
259.854985
274.818098
297.616062
266.643584
243.819779
258.469516
37.338347
240.044843
277.553675
277.368647
269.168882
217.908862
282.631161
261.708472
290.024692
262.730105
233.908830
280.948232
286.575466
197.045858
291.499424
7.056230
304.287842
260.660656
259.916104
226.882181
245.563582
25.887236
245.130630
235.777253
298.809742
273.909305
226.888426
252.804574
291.072155
29.392868
236.551890
245.944048
248.902976
313.338069
235.109185
244.345504
261.252646
232.868781
270.115251
267.621048
262.183353
256.376244
265.473862
230.436636
219.752604
266.034860
209.768857
283.782704
210.726097
240.197902
250.935965
230.539843
31.733654
247.648390
278.024166
294.519586
221.159647
-30.755668
-15.831731
235.129839
246.644385
248.335827
250.277686
274.280429
239.518343
280.941257
240.760566
249.634381
216.615653
261.705155
239.271299
114.915988
197.805843
254.860312
200.047038
257.838568
222.951154
296.664208
264.239019
218.705764
265.091702
248.051774
-11.456033
259.098332
249.444886
239.205098
249.047400
241.445426
255.901090
131.570597
235.397908
296.507278
225.490235
219.845570
295.908062
243.310312
292.462798
234.759818
276.735883
289.218858
246.826957
249.924933
250.318202
-44.741697
194.826507
225.698826
255.539293
183.254121
262.700389
278.438287
259.854623
233.921020
297.672176
217.921780
250.936123
237.793575
250.226846
218.299713
305.465599
248.186183
234.394115
203.871363
295.716591
264.417980
234.799608
163.630392
237.104335
217.671920
232.973434
-291.044514
240.148823
209.163563
288.606602
255.624507
153.058671
235.114534
241.272733
232.196184
236.925038
37.026532
127.048699
276.356432
246.819366
299.713310
278.581874
221.620123
197.114648
211.920501
36.250622
101.931643
270.591584
91.529658
299.503621
281.693035
274.211657
254.484020
283.015589
294.079518
272.543067
287.974303
255.101357
301.726895
116.471825
290.489133
268.234357
237.355082
272.081469
249.307010
298.771876
260.917114
226.507797
232.215497
243.858181
254.584115
259.267980
242.133663
269.984773
258.264161
256.797452
241.181011
315.373625
234.021477
267.660600
-31.850142
304.476797
264.048864
261.521271
243.889533
248.805138
250.539063
248.050898
260.510520
255.620107
263.777288
256.917665
225.001609
276.341428
302.644512
290.805363
270.979226
251.472296
289.843910
250.910785
289.067170
48.148478
272.918864
303.317579
210.487556
10.018918
241.851090
266.570220
251.195632
292.454032
229.151986
244.360312
280.933496
306.244556
162.038206
233.324480
283.511052
295.722716
285.087702
