-180.732422
-115.284887
-517.586707
-150.865065
-112.399061
-116.140736
-299.624317
-257.019022
-353.225059
-258.632556
-187.812128
-77.015378
-185.201238
-133.659497
-103.872036
-135.980726
-119.697841
-133.500515
-84.228907
-122.202159
-82.747387
-75.452932
-81.417778
-113.620680
-98.489915
-47.990674
-177.168292
-380.619408
-81.811876
-9.901496
-130.975592
-122.907953
-101.680047
-65.999851
-127.115511
-107.583631
-66.972241
-69.198724
-109.436351
-83.115715
-106.112776
-112.226754
-80.483736
-122.587014
-129.150260
-134.585174
-141.748550
-167.556070
-124.909369
-149.254361
-120.526968
-112.799222
-134.604839
-100.489553
-118.169849
-155.662064
-140.060603
-369.422263
-184.835661
-125.855268
-318.885689
-164.162671
-246.551923
-340.603604
-227.787136
-261.284546
99.995492
-198.583750
-103.381652
104.668685
-341.791096
-204.639337
-350.838821
-253.995572
-194.404920
-193.636178
-204.729968
-182.726270
-214.601817
-180.606968
-272.417213
-224.665173
-144.446204
-110.724849
-170.266879
-155.053186
-141.112385
-63.079451
-91.133650
-138.236970
-158.941148
-160.422687
-84.528761
-115.942734
-100.247726
-148.126118
-115.967693
-163.021221
-155.076520
-107.884176
-110.571051
-99.191889
-395.385001
-256.510820
-370.212689
-137.930000
-175.854237
-136.976183
-47.533939
-84.183286
-100.479355
-124.661182
-245.325240
-145.407442
-105.456037
-155.700280
-283.934189
-92.012772
-112.586576
-395.902864
-145.095703
-219.202094
-165.077483
-177.169594
-164.431758
-106.257149
-162.160450
-155.135143
-153.712554
-157.261243
-150.164143
-163.099052
-158.731562
-70.973512
-135.095556
-227.832703
-176.596917
-177.848241
-58.325796
-296.763656
-181.041371
-25.601732
-37.840037
-236.866093
-8.678990
-49.932009
-167.179726
-117.096000
-120.976421
-152.016705
-137.921092
-123.868710
-183.338205
-152.482405
-151.752191
-193.090423
-161.408335
-133.452560
-136.794286
-151.157892
-142.612895
-147.568400
-168.687494
-116.804454
-162.854506
-143.057319
-157.251263
-112.345249
-104.788316
-144.092799
-109.354004
-109.311405
-53.337617
-176.947738
-118.522227
-133.170108
-3.425939
-104.349044
-78.851381
-84.164394
-117.689813
-116.184531
-135.528750
-22.601429
-84.921668
-104.588410
-85.658272
-75.132669
-115.214665
-122.264975
-114.270185
-115.551615
-112.424345
-219.800015
-206.631802
-121.880408
-74.247801
-224.904562
-90.072770
-19.885857
-73.437650
-88.960505
-50.592120
-25.773566
-84.134166
-117.630361
-45.764935
-66.987072
-65.638093
-60.521801
-91.242348
-74.062791
-100.272337
-102.574709
-109.676000
-115.670512
-131.043720
-107.435541
-122.956945
-80.213523
-115.831688
-146.736969
-97.621155
-119.246565
-79.270966
-90.432901
-93.425946
-122.830192
-91.722902
-89.124368
-106.814741
-111.562106
-47.905276
-92.658867
-158.193241
-76.691997
-101.300818
-98.391801
-122.551837
-111.731109
-119.132921
-108.744467
-130.355980
-131.899010
-111.406952
-89.722863
-90.410314
-106.733294
-139.310861
-57.879885
-91.245100
-98.395059
-83.169051
-130.347359
-67.925600
-120.487782
-87.655333
-84.539616
-197.924171
-70.849974
-85.578681
-91.337189
-138.153982
-108.114230
-94.356099
-66.791930
-131.552140
-116.524787
-74.146882
-61.545136
-69.210538
-50.772855
-40.528070
-96.783912
-103.125131
-61.489367
-76.770616
-14.710486
-88.810514
-69.915913
-53.214569
-118.176686
-119.551997
-93.568970
-31.296715
-79.264384
-31.158804
-5.073311
-48.503005
-93.284914
-83.417647
-50.178401
-33.484684
-66.560887
-75.133290
-64.705707
-86.153788
-110.004099
-85.924806
-71.162438
-46.925319
-142.487260
-81.185587
-70.718458
-70.297284
-78.021591
-74.599083
-71.275627
-83.320372
-51.496774
-56.313733
-78.355294
-54.175390
-75.520232
-90.605706
-77.307677
-52.994771
-50.933419
-58.519889
-58.556252
-52.640788
-41.230856
-42.273853
-80.298575
-88.475824
-47.819027
-100.239080
-53.988551
-85.755568
-47.371527
-74.960701
-107.242341
-79.972421
-63.453572
-50.831233
-89.574908
-92.905209
-106.182837
-88.763746
-72.755028
-41.890487
-61.499098
-80.639350
-42.743413
-57.342851
-60.721354
-80.478823
-68.084849
-61.326558
-104.583739
-59.328666
-57.853920
-110.592200
-64.777318
-74.392449
-73.877168
-36.079235
-28.701676
-73.683994
-62.179710
-18.671046
-60.115582
-56.397950
-31.623795
-92.984819
-65.679738
-31.017856
-84.753342
-111.222916
-35.953078
-100.453470
-96.978219
-13.249321
-62.737515
-97.075628
-94.399973
-10.685338
-125.118586
-86.464580
-61.825099
1.308116
-56.548590
-28.313681
-126.227854
-52.799195
-28.093692
-42.060031
-100.318253
-71.340114
-77.608599
-41.813969
-18.763197
-22.952233
-49.668311
-90.221596
-47.025221
-22.672561
-39.520073
-76.156738
-62.265138
-49.341770
-116.359335
-78.245646
-85.135620
-108.111058
-51.215656
-26.641429
-16.861684
-67.415811
-51.137092
-37.323310
-2.957410
-35.797434
-4.958740
-32.456888
-22.529599
-58.894098
-3.611560
-27.111143
-28.961804
-21.311633
-101.550239
-57.308042
-99.339163
-52.359423
4.454763
-82.630809
-31.736227
-58.910530
-27.471609
-49.480019
-41.351487
-24.591817
-40.389502
-13.214878
-0.846645
-10.927646
-5.982550
-66.130854
-72.698010
-67.815546
-45.535644
-70.772169
-8.735538
-58.507920
-28.507271
-59.203130
-94.314432
-43.357426
-62.914968
-24.247339
-54.614810
-59.969081
-50.941012
2.737050
-44.463302
-7.564127
-63.358977
-41.588666
-11.104512
-19.227324
-10.638474
-37.860791
-37.832210
-52.980997
-12.235997
-57.834484
-31.519759
-48.536673
-13.221781
-24.833306
-72.204662
-37.647777
-93.304258
-16.557975
-56.714605
-58.788841
-75.815862
-28.189043
-58.214883
-61.126738
-72.295901
-92.387791
-56.931829
-69.835402
-69.282661
-34.061698
-46.159736
-36.664501
-37.884086
-60.312399
-56.268995
-16.990208
-26.252749
-59.488409
-36.933330
-64.486962
-106.200526
-85.770562
-86.187978
-88.604246
-51.885899
-107.688502
-98.982158
-57.941424
-26.065358
-45.821224
-29.930183
-37.205356
-69.182298
-55.141470
-68.353217
-85.058686
-23.667645
-71.237766
-35.905466
-40.972860
-186.626848
-32.988590
-5.772950
-14.239656
-29.031504
0.259846
-20.283864
4.046487
-73.159537
3.281176
-54.286621
-16.858997
-4.757573
-67.376032
-23.319928
-54.055099
-69.442985
-4.087291
-107.624056
-82.670894
-104.813103
-44.926216
-61.302547
-43.620481
-34.942483
-84.369101
7.042281
-81.709108
-11.151403
-44.922729
6.834572
-59.074777
-9.372174
-3.089796
-16.455696
-24.465118
-30.386892
-27.592296
-124.526246
-14.854490
-31.237570
-48.742505
-35.699925
-50.437344
-27.453326
-40.806924
-75.195547
-58.861950
-45.333554
-72.852589
-45.640005
-32.300813
-49.690003
-13.499332
-20.093933
-34.945348
-22.667880
-24.331707
-55.739104
-1.386955
-16.209299
-30.677636
-24.948317
-45.538126
-61.909840
-70.320850
-63.114384
-14.627400
-35.071298
-93.256758
-32.502017
-80.312037
-85.360815
-41.929959
-15.220761
-56.222875
-31.615142
-9.670460
-40.145602
1.768047
-16.492536
-7.624204
-14.439768
16.270752
6.440770
-83.694796
-98.669326
-38.644035
-103.318450
-87.830553
17.691663
-47.818867
-24.003496
-87.242611
-47.615632
-73.944613
-58.287882
-0.420532
-68.520214
-40.268479
-80.524935
-10.307862
-38.356569
1.218501
-78.318482
17.215034
-39.466443
-38.668579
-19.816427
101.890711
144.635512
125.183869
232.010282
-9.670346
162.645189
-42.563801
-18.826624
188.034533
70.767198
193.810786
-62.085351
54.928504
84.033356
236.638264
149.371795
213.578754
73.465936
31.091992
-26.705467
90.334343
165.350008
-35.585456
-30.334973
83.576921
187.315016
75.343257
-78.167402
-100.970250
-147.815479
-144.758302
-33.626284
-111.755632
-1.020856
-110.924702
-121.425239
-315.983529
-12.532809
-98.378118
-177.071341
-117.967742
-159.394381
-35.747322
-51.321811
-99.437552
-22.906607
-175.649814
-79.336508
-113.037595
-141.461153
-70.872474
-216.430845
-157.116716
-52.220214
-82.406336
-93.860461
119.900922
-165.525583
-46.380104
-158.636725
-75.807219
-93.702364
-146.086360
-112.315990
-84.695543
-292.297882
-242.071004
-126.946861
-159.979747
-189.852471
-36.374049
-67.436527
-161.020155
-37.639956
-51.548174
-40.762684
-21.834755
-108.975775
-52.243928
-354.483358
-110.856500
-59.607258
-112.706659
-148.388347
-189.901416
-199.970308
-246.789745
-263.319415
-251.756195
-134.676811
-238.129336
-218.948180
-183.988582
-197.079360
-197.285519
-153.327511
-123.051522
-161.230260
-165.340118
-216.781239
-139.909050
-21.565640
-134.919217
-121.122698
-100.805512
-47.452711
-90.289924
-153.972679
-143.011597
-88.615524
-54.927019
-124.678470
-74.749995
-129.880254
-125.163997
-88.834736
-88.085424
-99.120647
-85.610661
-94.841109
-149.415281
-205.460345
-70.023232
-76.974397
-126.031432
-118.069111
-111.363952
-111.888527
-131.079352
-185.068187
-95.818622
-70.542125
-110.165772
-72.751962
-117.792822
-72.301374
-92.161127
-183.936900
-89.280399
-79.341215
-88.041554
-44.824322
-83.940588
-54.693965
-37.965173
-296.200384
-85.041190
-84.909595
-71.194946
-163.716152
-93.172990
-129.038223
-152.877978
-223.983738
-150.436603
-131.227462
-101.887268
-128.706287
-93.380326
-125.830247
-121.928332
-111.929916
-213.600006
-160.855592
-132.326534
-191.808771
-151.273766
-97.426544
-61.829337
-90.260805
-135.167027
-126.705608
-117.798309
-130.081917
-132.692393
-120.705217
-84.909819
-89.836938
-76.833567
-116.315270
-133.266939
-80.134902
-81.502698
-65.345864
-72.019907
-126.910015
-69.768701
-96.504604
-64.703820
-124.618249
-65.683419
-76.505634
-8.806928
-190.906669
-36.690998
-48.331624
-27.171548
-60.945563
-45.627945
-53.902792
-51.666713
-56.714516
-107.587445
-95.258312
-95.548755
-119.295891
-88.348981
-68.476062
-131.118492
-39.719453
-56.019008
-79.451829
-82.350596
-88.467178
-76.349147
-74.932460
-96.050265
-84.864948
-18.970732
-50.077220
-79.172471
-31.859033
-83.345356
-31.886163
-73.136953
-23.942494
-33.338873
-29.486924
-40.899670
141.924016
-26.432975
-26.981367
-103.149214
-47.014965
-99.507512
-115.627327
-9.084268
-25.053707
-6.997883
-17.289848
-62.559840
-68.811762
-72.054725
-41.811247
-120.558730
-56.213018
-30.299737
-48.781162
1.158778
-38.214439
-24.247072
-70.495518
-61.564257
-57.110141
-96.450849
-12.525443
-50.161015
-3.528867
4.526284
3.675377
-8.208579
-3.783765
-28.309126
-21.692713
-38.892653
-13.005718
-56.934807
-11.749029
-44.124882
-57.185663
-17.846871
1.401537
-24.994539
-17.944412
-41.803000
-21.663917
-17.505251
-26.350137
-18.805247
-19.512473
-12.097744
-50.527190
-9.885240
-4.243887
0.509863
-56.700520
-14.242876
-69.377898
-58.818177
-51.130088
-18.896505
1.852114
-55.398204
-20.082725
-9.973766
-0.536225
-92.316151
-17.197717
-251.276993
-79.481580
-48.173373
-69.640031
-41.890764
-40.244028
-18.960490
-8.959152
-20.208713
13.659862
-18.985439
5.839034
-192.522691
-189.482223
-21.946610
-6.934964
-53.802140
21.030156
-54.691453
-5.217397
13.851721
-2.779303
-52.467301
-90.497008
-23.503170
-3.924714
-39.256416
-42.124339
-17.620374
-63.380739
-79.370906
-190.798429
-19.567325
-31.814495
19.832312
-12.364161
-10.904144
-34.296964
-76.134873
-57.736266
33.969107
-153.108139
-8.870127
-34.546642
-17.738437
-34.928716
-1.469915
-165.513694
-27.346036
-141.090635
-64.811894
-149.534744
-4.648561
-187.617419
11.855502
-68.225965
-43.379486
-219.649499
-6.736838
-53.942470
-68.317828
14.702894
-21.249933
-55.016247
-35.161269
-25.996540
-26.746512
-83.632080
-81.581657
14.912297
-17.988306
-84.411501
-49.997921
-7.938495
-7.747637
-37.117217
-3.216605
-65.134731
-60.829492
-34.487304
-0.124604
22.654385
17.998524
-17.634213
-102.498597
-30.326591
-4.238493
20.842880
-156.827120
-10.331317
-82.072049
4.050991
-95.805577
-53.106782
-75.645900
-93.197139
-55.944908
-28.752596
-71.065526
-81.299075
-81.930782
-204.215367
-101.823018
-56.404463
-91.901841
-83.117573
-178.772166
-68.622729
-90.630336
-95.460218
-49.622260
-89.483946
14.229496
-80.074236
-41.453136
-109.183779
-127.149558
-69.316391
-138.127917
-48.939302
-68.472050
-59.653801
-62.669182
-91.798346
-91.070408
-86.527566
-111.114447
-29.104664
-15.956747
-88.017718
-64.223583
-52.992086
-24.930004
-22.608048
-95.111310
-183.729819
-68.339792
-77.207939
4.899255
-7.641259
-62.731105
-61.231128
-69.123674
-19.224147
-57.356149
-85.977808
-72.595348
-107.278637
-100.512710
-69.488485
-32.514726
-19.171020
-38.474001
-34.863553
-6.725359
-49.990064
-8.047136
-105.178049
-47.764053
-49.744759
-76.867910
-20.461865
-28.063441
-14.085182
-67.304830
-44.762714
-57.436269
-89.629553
-51.543876
-58.699293
-125.809181
-16.278263
-8.070486
-139.795609
16.195179
-115.085063
-105.701353
-52.297802
-74.210878
-115.888361
-138.780753
-184.082766
-73.078349
-59.128105
-54.090201
-60.830273
-34.665120
-128.368374
-29.301710
-20.089943
-104.899200
-62.142547
-141.359945
-95.202080
-104.667185
-143.282441
-39.950999
-56.644160
-62.938383
-42.947557
-119.446425
-59.975671
-50.842135
-84.332333
-118.892381
-62.672293
-51.807830
-43.521921
-44.016560
-64.762233
-61.161473
-53.642126
-57.437586
-59.446330
-11.950555
-17.937505
-34.912256
-37.414589
-69.800404
11.941904
15.559248
-22.766770
-14.765003
-14.938725
-16.574370
-24.802088
14.506587
-9.234371
-364.900964
-251.264539
170.367397
20.889571
-9.715223
-45.779748
-40.601254
21.135548
-12.751253
-25.406871
108.208075
14.863061
118.942109
-79.895583
27.882502
-41.030320
11.901076
54.965009
11.713325
-139.627684
-121.483828
120.031615
0.820141
-31.713052
-189.514980
-260.816458
20.067722
100.729803
14.967428
-60.444914
34.626696
66.356066
-9.937486
33.078723
28.138590
16.673425
48.675217
-23.653728
175.599325
220.187270
55.173078
58.810662
160.990085
142.798381
139.816741
144.051875
-44.592064
241.803010
211.502848
168.766415
-361.727574
222.158417
220.604038
165.267416
167.853443
123.411395
-27.938595
116.100872
-88.103299
84.064979
-101.629318
-42.418337
173.554880
218.487510
48.474313
198.470710
-49.376180
111.160008
248.454858
170.148888
230.554713
-92.392377
102.627295
184.542181
191.486099
167.850453
161.233870
134.453363
149.196329
152.646030
-51.425055
151.395724
99.178196
-531.047857
-597.164029
167.076714
195.611947
216.814081
192.751932
-85.566870
-41.623601
207.198664
-154.445088
-85.978420
-13.963603
-143.370459
84.650003
-110.687014
151.783558
190.431662
170.240523
153.452785
-350.019273
176.693435
204.570017
-137.910667
156.646121
151.650048
-129.979713
-50.435827
-58.933716
228.472071
224.312936
-47.225285
164.249183
-17.422462
210.647621
-100.487673
249.914499
-56.355924
241.464786
127.202881
225.814284
264.537451
206.953861
-30.898081
204.456200
155.760723
243.054085
250.060798
232.382343
221.004474
-552.461350
222.957693
72.963226
154.527679
120.251393
218.766275
217.520267
124.949158
213.715386
225.076124
236.643821
142.795809
219.512421
172.297429
203.367116
170.419414
215.933564
185.263632
233.671913
222.201035
16.280341
204.308999
200.925260
230.511922
248.517045
227.230824
176.423983
220.934842
-41.196148
225.098471
209.949241
225.250682
234.823528
209.358537
250.893536
134.213351
210.062537
230.837234
200.248619
251.129797
215.044834
186.414805
191.669706
244.314890
189.464225
189.317531
164.871775
-23.021592
175.911817
228.873477
199.430132
107.582871
147.002139
192.843265
179.040856
114.700038
-43.591564
198.276447
164.533385
147.662607
181.164147
189.554673
146.747242
225.072619
150.625365
-5.697139
168.089078
7.446928
198.343174
32.087059
-14.812916
75.795800
156.109262
271.388597
262.514270
-6.246070
100.007789
110.080812
262.371357
204.183055
30.817305
161.062922
100.595959
86.609474
233.053616
-18.320302
189.794299
-104.009295
74.488514
166.520979
163.461381
73.442499
178.855792
206.607548
-85.340668
127.076067
211.691353
74.861230
180.698997
-293.313546
223.823891
141.863392
-395.263647
194.032876
158.907550
179.791468
188.825579
171.408318
-206.354663
220.183984
123.900178
-74.488178
68.533390
199.554598
184.626821
-11.024669
211.063627
180.452051
130.589529
225.920481
265.438743
190.813655
257.397616
197.406767
153.755081
198.961893
233.175644
259.056271
263.599970
174.666982
212.294947
258.194851
172.729999
208.699570
229.480296
241.263552
195.783517
227.482516
200.223668
-30.810254
229.634036
201.022944
144.399615
225.764121
-14.863539
-39.996775
107.996881
187.098030
174.656784
100.688419
193.756174
213.141978
217.551772
186.785878
173.674759
138.647477
226.763188
185.869136
202.001671
172.758297
206.000788
134.083687
205.052963
23.028414
196.524467
167.638917
164.411445
173.070502
154.304042
148.605413
187.378958
199.558446
204.179434
202.400273
162.510141
188.579754
-51.464445
219.052091
78.311066
150.291240
166.621963
147.621856
192.472807
166.356363
213.579375
180.699518
179.866996
196.408138
148.621274
158.507265
149.817751
122.017545
198.886567
162.894726
221.870817
222.575460
213.240859
195.339833
161.601958
180.311471
120.517293
55.023722
80.983375
96.190321
150.702369
92.755837
112.155699
202.340891
136.858285
231.067149
189.532571
-5.530874
216.138779
194.519191
141.430382
135.034561
151.340204
206.356584
194.649175
175.011040
207.170532
202.923668
220.982289
-37.485479
269.728906
230.104027
254.235555
291.700925
237.864357
174.272185
231.070989
-60.710172
168.945695
224.936724
165.859484
236.728649
228.128249
185.324673
187.678666
148.266085
-40.306517
-7.304125
227.299189
143.339385
210.731027
176.422631
172.626513
165.554656
195.422769
158.792376
-160.799214
236.075220
154.805370
204.358092
199.615852
246.553104
105.715027
128.619605
258.668502
200.329546
-2.680705
239.996636
189.147245
174.509555
231.352576
188.399581
237.611118
244.935353
174.175098
154.582845
222.848931
235.612640
171.139260
178.344367
145.468820
236.973784
127.051021
222.978762
227.598922
176.716434
240.488292
257.181198
226.692297
-25.190275
222.802858
223.374243
253.173451
262.416357
272.728600
252.638223
209.735894
255.954886
265.704412
252.248371
240.855551
224.637024
262.451919
237.540839
192.896025
237.331590
214.833578
191.933380
211.527453
229.248471
246.953205
256.805520
243.157818
233.884310
231.130014
219.799119
-5.419611
-13.021064
242.513892
221.875633
286.040836
251.340534
248.710197
233.437622
250.237188
245.274608
219.790161
238.992128
239.409365
223.848955
211.004967
226.017103
236.804487
266.939934
243.913684
236.031025
247.339137
219.854800
208.856203
214.075354
257.335875
220.221646
227.412641
234.517099
7.533766
242.498435
191.377087
254.997508
230.731628
-18.821640
213.639181
274.751731
231.938702
263.372501
251.888091
283.513414
249.824749
235.267827
240.307156
270.586703
235.909013
221.077432
209.075139
261.150832
237.814337
200.252995
241.897539
-9.663337
206.071050
272.983130
228.954216
202.342192
249.067059
254.807954
253.424890
253.723729
254.310874
276.488732
204.259970
21.796473
260.502686
232.755536
250.183803
244.888289
271.820226
162.127878
230.028916
253.754394
199.565646
220.617280
250.629985
159.651674
61.252193
171.087513
96.577454
191.966956
-27.811633
-37.937809
209.109573
213.603037
147.271743
184.243140
261.852065
242.338352
258.042978
245.967040
294.050300
200.222916
174.205254
198.386428
243.779006
202.427363
283.115801
98.689202
97.216387
104.642012
-27.485537
212.490017
199.624787
214.165206
191.362424
221.607648
183.955541
176.775913
182.063398
233.039569
186.231035
181.990846
230.263696
188.235991
210.939759
205.113733
213.630321
277.052770
256.257250
268.167736
191.340699
229.183987
261.768031
15.618950
272.823952
217.802294
288.491582
276.319908
245.734996
265.508596
250.269734
94.211187
285.706084
287.797961
244.113246
292.115800
221.674631
286.124206
212.290752
289.434496
235.706277
241.302904
249.305867
245.233241
231.327227
211.356671
272.540365
213.973084
256.863284
260.588398
244.334395
259.677137
244.606811
240.351257
272.163047
249.842053
239.535775
250.749549
241.984914
279.961352
253.162398
270.660742
279.510011
271.578435
230.048562
275.190756
286.320757
240.051932
217.593866
252.314763
265.175697
257.972866
253.424290
256.608793
208.978160
268.499590
242.717141
249.574493
248.351912
283.839400
232.851403
282.609305
291.087965
270.354756
274.915708
247.684339
256.531809
283.820230
258.530066
236.118967
286.039004
273.280070
289.459676
235.675210
247.455626
198.526986
248.024512
234.842441
227.649299
258.079211
247.821416
264.487845
270.714588
230.877734
266.076885
244.151357
214.707135
252.305236
178.880030
239.688698
250.790204
258.332603
270.082310
249.348019
253.326086
251.833605
213.656617
275.371874
217.783996
271.166466
271.563911
268.134011
263.586437
284.134770
256.411262
248.429584
254.427272
232.742845
251.592675
238.943702
254.980917
243.330858
233.897802
233.642378
263.911984
253.862289
211.670537
276.128203
259.787939
255.143306
-99.995476
274.565965
274.189556
231.625088
231.750766
236.173657
247.069828
273.139834
251.692007
243.132223
260.211148
273.218178
275.159828
194.389822
260.989973
268.898091
269.105035
263.893056
232.683098
258.453953
274.166366
241.736555
244.336357
246.033033
259.085473
248.213692
282.411685
216.467345
261.023800
248.961161
234.304124
224.693325
273.684842
254.845548
261.734376
267.534224
214.446868
244.722685
257.594677
261.195977
225.718034
245.682749
259.793032
231.666305
225.606843
255.868006
241.874742
255.440656
246.078350
249.634107
255.452794
226.678652
246.522645
275.599775
231.511742
269.705281
249.064728
231.361956
242.770036
235.167796
274.067168
272.235759
236.181977
241.402917
239.609625
10.157168
213.489441
249.749891
263.941155
248.281516
263.896613
249.567439
-31.876756
207.985265
263.680946
53.808817
269.631168
263.725452
-44.071454
-66.997126
232.274532
206.007365
48.546904
18.037591
187.911636
233.412376
22.654424
261.630531
120.245247
245.503131
150.875916
258.880079
169.678196
264.589343
181.337853
205.433414
257.464028
33.091636
123.705822
186.299409
254.519452
28.185671
-7.029941
5.267339
3.799828
0.149156
208.675672
216.942557
215.167959
182.556862
189.943528
184.030299
205.389606
201.228138
196.802203
3.400082
-184.374882
184.334832
169.926686
232.509801
176.142914
192.034152
255.203415
216.873608
201.137642
218.469566
175.224796
18.830953
246.481624
181.491865
19.158517
168.027123
146.939160
112.146302
213.512862
191.747001
233.805390
243.847263
209.132264
211.581079
178.278062
215.730076
225.246221
-111.696951
271.114338
255.509054
250.744244
211.790070
270.079173
258.456286
-241.249140
244.795589
238.216506
202.855516
236.727970
226.802435
246.348304
-139.724331
234.990647
245.699552
222.296642
246.263948
217.682045
254.908176
258.860946
231.312836
