-95.968389
-396.712802
-373.838859
-123.028316
-201.218659
-345.969064
-459.333214
-643.121990
-265.290272
-269.167147
-189.807171
-88.955267
-117.289965
-116.510482
-490.315056
-115.179741
-118.007738
-125.615094
-133.248000
-111.762928
-97.134271
-96.674506
-134.928042
-131.494521
-130.386035
-128.399909
-123.841711
-126.395974
-92.949279
-150.996722
-120.388302
-142.778007
-126.244532
-116.821871
-145.519992
-267.411282
-250.330600
-299.068796
-152.646123
-92.804710
-134.329922
-86.917408
-89.866999
-75.052084
-61.231283
-88.353081
-197.268742
-48.147161
-137.041860
-160.840826
-157.270545
-362.435633
-321.839868
-148.675271
-89.248079
-99.627679
-121.638252
-132.860030
-111.616274
-103.152474
-116.415498
-147.400036
-112.868457
-163.563913
-120.732186
-107.823731
-126.822572
-131.594692
-377.560940
-412.549253
-566.785615
-161.681663
-144.276356
-446.163252
-276.910403
-84.710010
-22.678625
-160.490783
-128.968049
-125.084315
-69.410348
-91.518266
-104.585546
-108.358436
-133.958575
-139.010131
-174.592366
-75.951894
-126.111975
-145.584665
-145.977042
-140.159345
-107.999097
-158.201952
-135.287972
-155.126374
-181.588690
-201.647712
-137.283132
-147.567203
-205.085943
-114.531336
-203.545587
-80.089280
-159.290086
-82.356420
-250.387031
-104.844308
-57.393872
-120.282021
-79.043837
-95.026383
-92.641755
-11.595050
-91.373196
-157.636711
-125.485056
7.511915
-52.003447
-2.877721
-141.874863
-204.256537
-35.731744
129.537447
29.653856
-121.546940
-197.065766
-39.239444
50.730335
-43.502067
2.301999
225.615045
-15.344017
-14.430147
29.805203
-148.314625
-53.436534
-47.945641
-59.237919
248.004833
-82.025240
-54.884575
150.280934
-41.623281
12.370815
-208.980152
-58.929989
-100.573546
-46.620310
-50.399896
-83.466659
-58.327758
-56.485060
-15.230654
-63.729996
-32.640743
166.097350
-81.479794
-86.825633
-24.480965
-133.577647
8.608692
-131.024277
124.445182
-3.273103
-127.542691
-59.191006
-140.952832
124.543420
-158.638192
144.364355
-39.246829
66.985124
119.434441
-16.060899
78.109471
78.238747
-142.067111
-85.404263
-86.842365
-1.302265
-236.407976
114.988157
-155.002746
-16.928660
-23.129285
-61.037628
-74.672462
-5.439552
-39.588058
-47.242689
-0.973917
-4.416032
-16.264190
-14.239145
-3.261996
-34.645541
-9.230906
-15.146867
-31.040351
-41.964453
-12.275489
-33.094779
149.236113
-0.427783
1.487762
129.547819
-45.418210
-44.840292
-27.269648
-3.334671
-39.526534
243.177658
-46.761646
162.960695
164.334340
207.503735
16.950954
32.684951
184.813265
215.731967
161.680845
266.471641
262.991783
209.655508
231.973429
234.919746
292.495966
212.601470
226.355701
231.652510
257.315162
237.662667
222.426831
240.541009
229.541500
200.666185
205.427131
229.503192
243.519843
228.843961
208.517323
-28.608746
272.727529
263.439057
267.152771
229.359491
279.066319
148.814342
186.503372
241.660640
181.492402
181.137345
187.430963
212.347645
271.396828
-80.399181
206.560288
195.527482
158.866344
165.474710
219.346209
185.871256
215.141301
2.916575
-154.962183
160.696212
34.134858
-125.821409
-32.445394
-76.579441
203.359689
-36.367544
-61.840131
-18.233896
174.648108
279.588465
-70.180214
-54.630474
-97.106796
263.577950
-13.550848
-76.836698
-106.520933
-69.746417
-78.784924
-86.565853
-80.332739
-119.642091
-90.254586
-69.663107
-100.627440
-112.699632
-78.470873
-127.254904
-108.876940
-106.411583
-142.515022
-128.600764
-150.859779
-308.899457
-72.157118
-254.825803
-253.052952
-54.370539
-65.669554
-154.428074
-78.170820
-129.592462
-56.593242
-239.683012
-219.495805
-68.797284
-26.562440
-10.092222
-23.514874
-38.734795
-40.022528
-22.787620
-7.276676
14.145020
-44.045250
-27.275092
2.230452
-60.947477
15.459733
-62.675364
-29.110682
-43.217688
10.332099
-39.991615
-187.019896
-36.236706
15.749830
-26.576285
32.140498
-7.975058
-58.466079
-11.399353
-21.760770
10.817116
7.974577
-34.672191
-37.839295
-21.827228
1.566336
33.422054
-26.112321
-40.262744
-5.431207
-14.261446
-41.664408
-4.913838
-53.376678
13.574930
-2.458289
-29.872148
-2.201557
-29.039558
-41.471618
-34.048384
-30.283073
-0.250868
-43.224563
18.488109
-15.305504
-12.660642
-56.237154
-31.191347
-30.157050
-35.614097
-1.956820
-12.690705
-26.055045
-21.194728
21.924629
-24.307458
15.518377
-13.009974
-8.847929
37.286748
-30.043252
142.338861
-24.381702
175.530921
155.349736
212.108442
275.419999
171.424392
210.089468
230.474243
273.689417
188.304203
74.047142
198.575733
231.927324
198.244263
274.463122
189.049817
283.562756
-127.247299
258.150878
211.347247
105.312201
230.662021
260.463945
-150.973330
-82.417365
282.949335
180.053433
115.037496
187.968646
178.228634
210.240710
-58.923040
272.074510
169.032402
203.686498
261.785010
209.503904
190.285730
201.924595
264.660210
260.231407
235.121930
265.726930
212.932959
217.595940
208.908989
252.724520
257.969940
201.981966
215.898839
262.041048
218.380883
269.762472
232.740412
265.498036
228.805820
256.927773
228.118255
269.875389
260.607626
266.283242
267.863869
201.241497
270.379201
236.251400
244.546931
245.964239
283.550950
280.728049
256.540373
251.038243
240.925056
238.591900
201.676480
135.066289
66.597242
213.094709
198.378043
258.754738
222.020781
234.289644
219.266218
195.280931
276.099294
268.869831
230.239760
209.350472
203.178886
271.251991
268.066347
247.848423
244.339304
236.193589
271.256447
232.455435
4.436745
272.823470
-260.756681
105.499175
209.964695
182.802960
246.448911
201.387108
182.172373
242.843799
244.141547
194.875430
231.152379
214.342376
134.299743
221.715267
20.112089
172.716182
163.603383
191.604970
202.800662
197.642527
193.411294
240.199691
239.893068
206.105628
-5.953543
239.252020
216.886696
204.000662
176.238012
187.329472
198.109800
206.669535
257.850339
256.251666
191.684057
243.915920
199.391972
-10.104401
235.513983
164.608270
169.677984
228.541815
273.547434
212.264724
191.748554
155.750397
-92.647052
217.897772
184.752112
196.314614
184.930341
271.498001
238.349354
219.669269
241.551601
-138.435580
195.000880
132.357916
215.455365
257.454234
249.258254
197.533295
186.024741
229.040409
216.698503
265.161404
197.401206
226.429134
232.029899
177.884121
262.709532
154.747722
224.682306
239.889563
197.419368
196.137479
182.825758
242.044154
258.130093
227.541488
273.193055
229.281986
212.913621
259.696709
219.671364
280.311756
219.761654
260.879877
212.156469
234.046716
238.490561
282.864945
211.781661
285.851541
239.047861
235.233724
288.130201
254.306558
269.729916
226.422957
191.253364
272.608198
249.350671
247.646099
89.562544
187.680260
214.887205
222.646806
204.762462
255.439589
249.309000
281.713080
257.547013
244.869371
277.904036
266.140777
244.935231
290.473390
287.550475
285.648820
275.191266
285.107015
270.190634
55.041212
225.618391
268.585777
259.840169
248.795656
56.356378
286.117751
265.905512
294.791182
33.220756
231.654712
-24.769083
48.741264
-10.999934
-21.607678
-21.579829
26.759523
33.895906
-17.707893
38.072214
266.472515
4.303295
191.114832
-8.904408
221.184482
-43.203345
264.349474
93.160923
251.588395
-527.460489
-22.034678
227.148501
2.715521
167.886852
199.000301
229.053831
225.375906
-3.586505
-15.314322
-8.760313
-12.795649
42.808388
-27.168318
9.404952
193.675287
207.524477
166.533535
208.922889
149.473382
189.140690
191.677641
173.176551
200.875630
191.655820
173.534218
229.226369
229.699084
227.130916
237.677545
188.557031
223.131737
245.171428
220.246882
256.830673
210.649856
233.153761
172.452866
-26.163267
256.963292
153.517720
207.145078
248.249820
221.789575
216.301380
221.389866
247.162103
154.529497
163.402662
246.187853
239.711027
241.804494
229.577953
216.608889
210.238819
219.760376
9.331851
11.614355
239.031678
237.462016
191.260582
255.710679
292.988864
240.930256
246.812863
262.337291
193.161774
224.071687
224.738183
269.636845
248.915709
205.425029
265.788257
254.343488
246.898620
277.021740
234.562496
286.328764
208.153052
295.516414
224.584606
245.037345
34.387498
300.897487
260.193743
231.992991
243.186864
242.601491
299.528323
264.267074
223.849431
59.806101
298.780560
207.334951
49.612268
234.406041
233.400873
220.051690
280.421555
232.484627
280.916949
237.689121
255.277683
237.803365
301.509226
271.027034
221.684158
232.683660
237.072101
213.692553
238.469930
238.292850
228.913999
257.280512
247.598938
229.307219
227.266431
208.955879
223.950243
242.006216
269.241755
238.686132
65.918008
252.400231
44.916968
266.245674
209.933115
233.285731
87.640620
37.589190
272.453153
247.583965
266.635391
-2.681084
276.861361
205.358172
-23.517667
177.738692
-40.854219
251.136301
227.148569
296.427252
220.641854
204.508707
218.067693
244.579042
256.773632
179.582522
277.651563
209.498669
228.956453
237.847606
231.914928
254.454349
215.583040
216.024838
217.060003
202.968409
201.203064
244.516020
263.393276
214.723765
240.383615
272.331523
274.891074
258.162187
247.397315
250.423233
216.610527
204.984448
266.882915
242.125356
-134.886208
219.658146
208.096873
67.371465
264.674165
230.830631
254.388714
264.330413
224.624878
230.213729
219.553070
274.516084
253.251757
300.945721
225.248240
261.221272
268.504782
249.708815
213.875912
252.489994
234.863395
220.396726
250.104235
201.517788
248.986997
257.489903
271.998094
244.502357
208.926523
279.488054
241.341253
259.318865
209.867964
239.524675
238.049449
250.819847
267.705503
207.201108
254.866887
225.450781
245.642216
255.683034
236.814932
279.773111
244.071875
273.805708
33.389952
248.476380
282.344178
264.617991
263.311515
50.933385
230.879709
258.225178
248.604442
257.204071
215.344025
249.115831
265.739390
257.779983
245.596486
246.438521
233.728415
226.205709
216.495853
214.678875
201.623148
218.040199
214.230528
162.155451
258.342169
-19.495048
198.815396
210.915587
257.337805
182.113498
214.772045
212.840209
15.992425
-7.591534
257.372126
244.470169
207.785696
237.312055
168.909153
232.784154
275.578867
232.999937
247.704460
167.159611
150.531110
228.182621
181.242802
275.346250
218.263016
254.633037
240.241775
245.943803
245.775395
269.002595
271.451522
255.328528
225.764773
268.351609
259.949593
262.279021
238.147617
268.929025
234.279640
265.110466
258.017268
277.235951
263.713866
271.640706
255.560369
255.210389
248.673837
224.713233
261.006964
280.420695
238.512943
231.007056
261.245259
257.363689
240.229854
256.487538
262.180163
288.771085
280.596580
235.585995
270.502176
267.184596
248.210105
281.023900
284.940977
260.449279
275.175549
241.600711
282.203734
236.373152
272.234425
284.355403
251.573868
273.453246
246.215765
261.209287
295.361091
280.212360
253.395988
236.073128
258.241300
273.447024
248.329401
255.221184
277.141546
239.600298
251.692203
277.306556
304.362603
267.210215
264.051437
258.165636
251.917275
92.143785
264.800305
240.879532
235.154743
263.327718
251.853167
279.918880
233.035970
252.059026
292.822991
268.177375
290.491424
258.617557
287.477340
295.463004
264.997702
286.302322
290.315256
248.512623
278.691857
291.757055
266.478131
262.834002
279.258814
277.691854
274.324597
286.475612
272.174501
302.153778
301.134793
270.744712
256.556915
278.415589
288.651138
233.292055
282.897077
264.171018
283.463075
288.003570
264.462807
265.396780
284.767429
274.401649
234.100395
298.564101
274.281941
237.235879
283.804672
244.401620
268.306030
160.469656
231.876722
302.922459
249.190903
251.260225
249.200568
275.919569
281.924337
247.150961
300.029896
240.870702
304.003453
292.747620
277.451553
241.645130
291.262853
245.763635
243.166801
73.207832
286.505021
264.287171
250.362037
262.596568
279.504287
250.182452
303.101666
297.661481
288.216579
293.839134
259.896781
255.466032
283.374073
232.174570
285.015809
271.596452
276.048034
239.012683
264.370386
277.921833
249.704261
282.595700
281.862678
293.236437
290.121654
251.044663
260.001047
267.522474
286.834990
259.695552
248.494214
236.695788
272.588530
214.745429
252.539564
292.422716
288.412526
60.294752
298.933779
234.920236
270.461625
265.253024
296.236034
254.982621
294.239965
264.701721
259.599862
266.021323
236.877189
303.725658
274.817064
269.304042
271.391735
274.655533
266.898281
272.324567
268.395038
227.512106
272.623882
250.750735
302.152616
303.877346
281.686307
289.261446
244.521330
277.471300
234.687865
270.548973
274.292278
250.859742
-8.767915
261.794956
284.013367
282.716165
288.157756
256.911129
254.841759
259.666984
255.473531
271.524450
241.655781
275.781767
276.289282
284.235197
254.562309
269.633743
-145.301815
265.232305
231.822114
259.831167
290.442906
256.348406
273.534101
254.775261
285.368060
240.585272
252.970252
254.325193
233.417088
258.434457
238.367895
230.938488
-10.748542
281.651212
249.721310
245.023665
290.215667
258.181771
272.089225
272.306877
248.935268
258.288420
248.288383
244.314400
255.832527
273.964114
79.485544
284.597228
248.374474
204.631905
201.875885
288.223550
210.755017
246.746466
252.597360
253.692883
266.758064
234.703968
279.743827
230.799358
-226.800999
247.647990
252.194594
242.980035
246.680498
231.413982
271.538031
229.954732
251.321658
296.454907
268.819038
272.774449
260.739070
233.609334
254.251112
242.193445
272.187641
269.383997
289.087723
253.856135
259.994583
260.769849
243.300869
277.950996
272.446151
242.196972
239.270594
232.298369
270.056860
217.431776
245.637082
265.201931
241.571652
258.125073
260.678300
231.637565
269.301072
286.164587
252.351888
295.527763
259.705390
262.303288
241.895937
42.752769
293.117946
215.674282
272.484834
243.441642
245.164650
-158.872475
-211.446931
209.967312
260.210695
286.327350
-72.630664
236.007483
204.254379
45.573603
161.728743
236.311458
203.719575
193.502909
233.515766
214.420649
214.258173
224.851886
205.352366
194.800299
255.734305
229.370316
219.381383
262.493617
236.651838
222.431818
231.298131
259.514538
284.134715
260.769722
229.327406
208.565052
251.399145
213.819364
250.921726
234.865479
236.115398
238.826369
232.223320
227.076597
201.826079
202.169336
82.192466
244.502250
228.084066
263.780512
230.828965
254.783485
264.664630
204.849348
210.787879
-57.179637
173.618903
226.772866
211.079875
247.193259
276.067886
236.225973
199.389022
258.611361
266.428816
273.731772
265.952933
232.793685
265.725432
266.915909
272.849290
225.946051
275.087902
231.126809
220.877207
246.424768
224.976787
253.124663
261.532812
246.484891
268.792097
267.032133
256.273332
225.750174
261.285766
220.228650
241.997288
236.457290
255.709943
240.196904
138.741092
267.177112
253.226929
222.459179
239.706662
225.987731
231.931601
251.627573
237.252312
254.712963
264.945812
242.151306
233.576477
274.420072
261.683587
250.623930
243.991267
277.629866
241.540464
250.887658
259.974443
284.090537
219.482297
256.756458
256.929106
280.795894
266.230274
281.744356
266.668754
252.796002
256.478780
241.917424
244.167244
290.271493
234.377708
282.942276
265.293875
260.576596
238.876196
243.837150
284.603122
269.919936
260.986793
230.343893
112.620324
264.033954
290.899292
241.567537
286.497642
233.314568
245.530201
237.695676
268.594724
230.212034
268.785811
252.455055
275.632092
293.951734
283.698045
257.298465
246.999092
229.793992
256.464493
256.089947
278.380092
249.675480
280.272647
242.489421
251.150125
272.896074
245.637169
269.473814
266.904763
271.946813
236.315670
258.695042
255.014867
261.736978
253.430975
227.261294
251.785966
248.760870
264.644631
242.928887
247.466280
282.265440
253.016700
271.351319
242.978726
263.468933
248.259974
242.097103
243.812462
301.838843
250.182525
259.653908
246.054876
261.473712
272.801131
296.412690
259.358310
279.364714
249.256244
247.428080
231.467290
258.542463
254.926986
263.980364
247.822280
268.171101
262.717500
271.118063
283.724894
240.207508
265.225829
292.374648
252.532184
251.699840
273.740747
241.399088
259.781925
227.812190
207.743249
259.086387
320.901092
238.910029
281.948720
248.555169
232.034645
293.390545
249.511468
300.007911
246.820927
245.597601
304.685468
286.310366
210.580369
290.052684
258.277249
187.325840
202.981092
233.971995
293.166220
272.811076
229.491225
219.837153
297.831102
270.947487
287.601881
230.585907
222.383900
256.351475
253.429774
229.401826
196.653364
246.747042
270.481684
241.086395
240.219066
221.056470
300.648323
231.123563
222.148275
247.412172
261.799609
226.538780
220.835892
260.239568
247.345403
252.195576
302.992167
293.083275
270.226285
292.156924
234.487160
282.800879
257.320670
235.813806
227.735768
279.849711
33.962478
236.569504
283.308079
261.982236
238.610050
277.509994
236.785467
230.033451
226.368680
260.918828
284.946765
248.850768
274.138921
257.321655
265.820600
235.831796
265.931944
258.604986
276.912199
270.260956
261.460127
266.021726
280.749381
248.135963
5.185462
235.831755
269.097041
273.689479
263.060611
239.811239
252.732834
286.495960
279.942851
223.599780
250.100823
219.835095
217.264563
238.336474
254.698162
236.421856
237.217877
269.887333
269.049232
266.001116
241.280749
291.770114
237.431340
287.544273
215.937557
244.077784
261.526272
259.079211
239.100016
232.147140
240.625575
268.299264
264.936875
248.882303
253.997168
245.962768
271.602106
250.780258
289.579160
265.298783
228.887355
268.945576
259.896759
274.748387
267.296651
206.493193
239.625960
222.726795
256.252967
254.284913
271.913085
278.851092
235.408076
277.242820
252.558801
271.746701
227.887506
278.272763
212.766049
245.311488
276.139022
257.813831
274.790098
261.340848
273.953269
275.826459
262.789149
264.380352
231.155690
262.798278
266.979675
250.422549
275.599452
268.153990
252.584916
274.531989
241.347683
284.693873
240.416314
281.069411
248.559409
263.428864
231.864584
280.366549
222.993913
276.700943
277.241247
246.787688
9.226659
259.406904
256.057302
253.718776
236.120405
272.097142
275.727463
317.906325
288.750778
243.161974
261.918357
231.768085
287.118623
299.957316
270.750348
243.890785
219.020340
252.902389
287.288253
271.973607
313.510864
140.995490
282.660299
271.369825
243.770002
252.752635
269.162892
187.708412
268.831376
241.168691
218.355247
240.324785
281.355639
251.350540
246.268640
222.651902
216.030393
232.916402
248.962587
201.329639
277.515806
-458.824290
233.659773
265.520439
247.283991
261.065853
257.097629
261.427177
251.667906
305.771846
256.093154
243.493877
245.742155
273.808449
248.322873
233.524983
237.574975
269.663537
243.931160
288.648320
261.544679
270.268319
256.444699
238.640866
219.935420
243.416357
277.070485
273.737597
252.194625
254.613787
294.688249
228.019957
243.492823
242.004755
246.394212
257.724009
264.042713
274.963084
252.270288
244.932839
296.749644
247.471240
264.318885
263.343732
279.480783
272.241203
275.107218
231.773618
241.190169
246.217498
266.252551
261.255290
259.386234
244.113460
247.970260
258.263277
253.760955
259.052714
243.541447
259.778058
296.647339
279.648313
281.591400
286.720573
236.993837
234.955164
231.736222
258.522019
274.425394
252.838962
242.837983
234.246468
228.998954
284.018658
279.663498
289.716697
210.912907
265.708955
286.206027
293.635591
297.200838
222.783890
302.314925
265.280009
244.805004
313.466385
252.893826
292.683151
272.048984
290.739491
285.679961
246.602691
288.625771
303.818516
293.368749
277.871572
252.576044
247.482211
220.319904
281.173903
266.609567
268.516770
312.721490
286.154683
268.516172
261.463913
297.090669
294.647389
240.155568
245.407768
234.068959
251.075337
253.578944
-71.526328
291.821673
-18.374698
249.713439
33.229523
314.010584
209.889756
-8.556841
243.843696
295.382800
234.552185
246.039427
239.977089
261.366032
225.015042
247.126430
286.802482
245.445190
259.978270
227.990025
212.565988
216.811564
230.254193
264.735851
237.237773
211.283468
271.110006
240.090549
255.465765
-48.623820
248.404061
230.482273
242.624987
278.700135
252.994713
261.679405
254.631894
281.262298
270.772989
263.790895
253.625249
213.682870
237.921919
269.838372
250.360010
244.571101
265.237656
233.272778
274.604912
273.723504
261.669193
240.695328
269.824343
223.520736
283.904125
256.210034
258.543562
250.433352
259.943914
229.771600
254.683386
111.095728
201.863773
222.188886
252.276769
255.206800
261.883339
236.994602
231.771152
276.578064
228.921150
264.609892
232.084913
239.459077
241.041003
225.321738
259.245534
252.415273
241.640888
231.671218
251.981205
247.871350
266.632343
260.827291
274.350820
304.969123
245.924728
272.887308
287.030168
246.749642
255.612198
219.993164
235.240894
249.206893
250.055686
246.371079
250.264014
292.275053
263.382135
286.615758
276.763474
249.094503
281.527401
293.144607
261.359906
298.585594
284.223333
243.552009
274.307033
267.263981
269.551418
261.052828
263.172099
245.051477
266.453810
273.992188
282.833550
246.991401
244.776178
285.160082
245.874849
299.244983
259.048145
300.610476
233.088509
256.111610
264.948028
262.778491
290.965606
250.467744
260.006375
274.747290
282.477399
286.496548
271.337859
301.049971
261.589331
262.631734
271.127274
281.892992
308.759135
241.929334
296.477634
228.897748
300.990212
283.879924
234.931246
279.421675
249.266554
264.299480
227.727987
249.045564
291.696983
281.460503
257.642183
260.055737
290.684451
271.171698
280.722955
259.412473
276.667619
261.606399
293.443184
297.495955
304.830312
292.114914
273.579254
295.543010
290.666540
301.664873
289.829329
302.391115
296.678645
284.169230
281.262900
300.262768
303.919472
291.259471
230.700428
263.994428
279.153969
254.780901
301.795309
300.789344
285.842258
264.617335
275.572410
255.696535
277.408173
289.535201
288.964156
269.099586
252.093688
255.709489
265.780561
295.420618
279.266521
276.353169
20.772709
264.029262
269.325378
231.574805
243.036648
287.174865
247.377256
303.546917
308.480813
274.206447
268.234812
298.177094
236.299473
279.313114
289.391777
262.737907
248.043510
288.740874
300.777608
253.224743
283.056412
281.679076
255.353173
269.180100
253.342686
260.711628
289.991099
230.058199
235.659757
289.920474
306.749905
312.990921
264.673983
276.339009
305.381413
299.216422
290.184249
277.834132
260.903343
305.418380
297.525698
273.731138
260.021781
273.248800
298.645043
299.591322
293.431995
287.782106
303.447856
256.663398
274.889566
257.304600
261.017073
250.043450
288.214416
277.939346
268.303181
