-177.377798
-102.834184
-232.254310
-284.278439
-448.987669
-414.356363
-486.271478
-426.088181
-248.590482
-289.872408
-374.398233
-278.717669
-176.190801
-129.028669
-262.159224
-191.849468
-224.596449
-298.759786
-231.849754
-330.293584
-222.196214
-252.532760
-216.517873
-245.755129
-266.441801
-188.510448
-169.275588
-213.443790
-185.650048
-178.994326
-203.155535
-210.325582
-140.329980
-200.602154
-188.373416
-122.283593
-185.793126
-253.015590
-165.106774
-194.472577
-189.661795
-208.564468
-124.174745
-129.062319
-213.545699
-247.293569
-259.897053
-160.055657
-260.465805
-186.377946
-232.866754
-199.899425
-211.739849
-169.451263
-212.082971
-154.958977
-164.673320
-196.716440
-186.306452
-212.145941
-219.264064
-176.057400
-171.899597
-206.304757
-298.593941
-212.295172
-155.610906
-288.526268
-310.908248
-203.870236
-191.299346
-166.891775
-269.902770
-155.878583
-200.555276
-253.698184
-179.900597
-231.094695
-251.666687
-162.927505
-170.013915
-184.077585
-168.470894
-124.800946
-149.906860
-130.562145
-127.507580
-146.254120
-135.228592
-124.394899
-95.090048
-133.334122
-124.284967
-178.205211
-107.931037
-100.607580
-108.003580
-92.821575
-156.772876
-120.182219
-140.214167
-109.609689
-151.902244
-146.459735
-110.922199
-155.594151
-136.841221
-129.506001
-125.066951
-122.245265
-158.955175
-125.233960
-172.354020
-176.534409
-133.843081
-140.375422
-110.612701
-119.315517
-163.793595
-149.848331
-99.920863
-144.518002
-67.708676
-147.212462
-135.609690
-134.857752
-108.675464
-95.172980
-179.292104
-97.292375
-130.746764
-134.650930
239.448998
-161.726508
-114.416904
81.564880
-91.551637
-27.758200
-110.776885
-132.627043
-92.233475
-109.667308
-119.983664
-72.773315
-88.158194
-88.993120
-41.413854
-17.185048
84.579863
-94.073601
-19.313802
-82.621584
4.273736
-59.310392
-28.136274
-28.984722
-37.242994
-29.099940
58.315293
10.922779
1.705379
228.471103
-83.842650
116.224084
77.860216
82.448384
209.072144
-4.001866
18.191488
49.600256
-69.544216
12.549593
50.250964
39.566083
-74.794965
-65.441180
93.041199
108.484026
52.408515
28.065598
225.135197
185.443342
145.031850
22.573818
111.128188
-427.740340
-98.539370
99.870272
-69.679335
139.437589
133.884745
-8.390821
166.483771
-42.918943
-67.258333
-22.841181
182.085136
-281.208169
227.041718
155.209627
255.954668
203.095796
189.145704
137.972452
192.989820
-51.403154
182.440156
207.016762
132.139345
129.383262
204.873901
153.015301
177.157314
226.743421
216.009782
237.575171
230.717709
242.619280
195.927747
268.891406
241.288951
59.950018
216.454227
18.641838
198.122799
178.161384
250.534971
-136.024511
208.794685
226.845003
189.071900
261.467135
10.651120
184.682547
63.435348
199.905283
239.309909
247.518829
275.627070
268.053108
244.253629
211.142533
228.426869
262.849758
273.503072
228.404143
-41.780212
239.153797
199.056050
162.388660
198.852833
194.758269
188.501961
165.686675
227.096896
213.181503
202.732050
170.226183
208.253774
143.641333
232.508420
211.504967
279.381197
182.871004
218.552928
-106.072702
225.275245
203.602566
199.758289
196.353495
202.310036
222.727429
247.583231
220.579359
185.201532
159.859580
173.711925
200.579919
215.261226
180.945760
208.570581
202.354810
229.758681
159.349964
215.478633
136.110763
12.321111
252.725812
242.697019
217.514264
42.159150
96.249729
69.887291
225.728147
82.137262
98.963381
156.862599
175.371071
190.902736
185.414211
214.825952
54.135368
238.157800
206.203205
238.668104
211.142263
184.583831
230.203317
239.567048
213.021238
231.013524
271.051552
272.786766
242.056466
227.795693
246.935183
250.763999
261.897177
262.874971
-37.625035
284.376800
251.831532
224.980551
252.983802
239.355514
244.285807
274.479416
261.865340
274.726144
221.504613
218.672919
188.393180
209.543536
222.477220
248.340888
236.534634
229.067280
251.947292
269.929367
247.207771
280.921526
263.923130
263.673908
261.088930
253.828279
260.916123
195.151659
218.770103
185.006755
263.974874
220.583080
246.510826
233.456235
226.553605
231.690221
241.825187
216.778702
211.689472
264.554144
269.199250
252.395387
220.278904
269.204885
250.382729
265.420848
221.890569
49.000545
261.418890
272.184568
217.199646
242.717576
243.122697
248.340308
262.929411
253.994785
240.355078
270.818677
13.855993
249.301132
271.588222
265.474392
80.852780
261.105619
241.195504
242.173627
246.233537
228.527566
253.590058
264.048092
270.707062
253.729955
25.586807
273.596993
248.487305
280.821883
245.872018
273.021022
225.499320
242.779332
256.951046
261.611290
264.745640
214.410845
287.730949
233.522365
258.586334
274.064528
284.877463
273.986346
278.567206
265.139235
256.031503
277.276429
269.609469
268.440996
261.625467
61.553042
272.291133
255.286753
236.900692
260.396253
275.415384
276.962392
276.099551
261.288162
264.380535
267.504398
273.040755
250.347407
243.497952
274.534377
235.985004
231.536211
243.197223
276.481765
246.922361
265.707571
286.737817
277.830904
276.419126
265.998660
273.421558
259.469722
281.847878
249.383392
225.334228
256.325819
257.747505
251.651819
223.816633
251.229143
244.045823
277.434407
269.400136
275.597508
234.415816
236.295911
234.982685
260.237118
249.801076
247.958527
234.068582
271.259878
247.256288
273.603744
298.913728
259.158575
254.591882
273.707187
249.345958
265.992509
259.986436
51.372432
232.260845
279.044957
241.618328
233.715803
255.571384
268.591291
258.431027
234.693937
239.595485
-21.092196
-166.797734
273.665656
250.800187
259.568687
263.346965
-150.547629
61.600519
277.988666
242.493920
222.098419
238.310363
-6.319181
247.507786
233.722191
275.203676
282.598295
258.388621
-29.812229
237.880332
245.923097
261.236402
232.850773
256.607513
252.541904
250.581419
235.419957
236.816985
281.002073
280.391082
235.264475
271.494172
236.499158
238.995508
235.044462
236.161783
236.258294
284.015344
295.365494
278.499143
276.237589
249.971880
284.433879
295.356691
231.650689
282.359157
254.550883
244.322124
213.507685
242.277233
285.903598
271.144627
228.524130
254.520920
268.942689
264.956051
280.106311
283.470597
267.100625
232.835994
273.351190
249.431892
271.301446
282.372074
244.064858
251.057410
255.909039
271.881812
237.669481
259.085296
243.023928
241.038997
279.726764
268.606334
285.315808
249.433452
272.288111
261.715945
-128.318430
27.304502
247.602130
243.453588
271.434225
274.385050
265.702642
277.599356
296.116515
230.600545
258.184238
249.588970
261.079124
219.581151
305.609127
275.759304
201.616624
245.390633
251.919939
276.902640
249.798248
243.030056
253.698522
250.800537
257.307316
236.877686
241.152829
259.899888
238.702529
254.984723
272.728904
290.334237
53.595835
293.793240
288.345673
295.752322
289.905933
291.930598
307.154103
244.516272
281.127473
236.667736
271.540914
297.151531
251.812183
282.679507
277.065717
269.991423
288.567452
235.279262
268.423580
272.205328
288.258194
282.743700
273.093730
231.742622
266.589425
248.239863
256.439329
295.418009
237.659818
255.346486
216.324163
270.590144
277.860739
272.297752
305.685299
268.076362
33.044159
284.238473
254.431241
269.248013
288.471761
26.427673
257.360525
295.785074
274.847794
229.081419
248.216465
262.183307
282.576626
226.365948
238.122180
249.793506
254.491871
302.954278
293.321727
265.483936
243.410268
34.841526
240.119860
280.751841
270.134601
234.975216
306.705535
288.829496
283.706641
254.334996
278.642188
257.536835
244.326941
206.231839
245.310565
252.799601
226.128903
19.815358
235.534809
225.908352
234.538948
280.404675
222.701540
276.339160
251.678132
252.248480
257.484663
233.307732
233.583302
265.275442
220.988118
235.741214
233.688648
226.997771
248.640543
272.684198
253.145634
253.339959
261.938981
240.739819
270.689419
276.861090
274.597210
293.439884
266.373116
235.178014
274.837062
236.327950
252.195115
291.660024
249.997622
221.019608
221.042368
267.026573
250.177302
281.584200
245.971216
296.710054
228.406676
237.339912
264.053068
251.504453
259.738960
268.279172
250.832614
300.224125
257.438147
250.594776
227.451261
262.258568
304.424237
262.724935
281.671707
238.534404
247.016315
229.635503
290.953499
227.462049
243.915187
250.995252
277.320357
288.740941
279.362676
224.302575
64.284193
309.345477
236.596297
255.072000
288.983724
229.786643
270.865883
261.340592
305.267322
247.458011
254.750106
264.522773
257.248722
225.730918
217.808238
44.426122
270.903060
292.115614
40.466529
254.860216
231.775682
252.377418
237.791769
229.322048
247.677219
262.003702
251.645104
230.827039
219.743384
244.480829
230.840922
244.448986
230.264346
255.648542
294.343632
31.996276
221.347713
251.876872
287.016599
227.606904
254.275161
222.544979
229.841397
250.402903
240.730224
252.110905
282.004701
268.610408
252.353793
234.780411
256.048709
237.358885
239.895802
261.196458
244.609965
253.083189
-24.203492
221.050686
217.124377
38.969221
259.109652
222.315248
240.551309
219.858987
266.906924
260.242851
237.898661
262.385419
233.484944
209.339784
256.409661
217.069856
261.295788
223.182942
265.440967
256.313186
250.077876
235.076929
197.211309
236.484510
256.266107
263.136933
223.514691
250.238260
241.899321
224.555626
286.671060
187.255338
272.962436
254.650870
249.469616
243.308703
264.107523
265.872457
191.613687
251.106713
215.353491
234.257231
-44.270733
190.370142
0.364855
203.970423
288.093795
245.210574
269.269372
280.546840
242.054731
249.342468
183.458716
241.936460
260.993959
214.208616
278.906438
278.660272
192.887898
79.233425
269.583715
55.264056
272.372874
170.764728
239.598975
242.273018
236.158064
240.756170
239.644438
170.420623
225.481194
218.579409
253.305253
265.995779
251.907164
196.275673
208.627090
247.508781
266.752577
240.405491
263.577735
108.589403
291.191222
256.005605
220.793303
248.103097
211.238778
245.213629
-13.625986
-98.307627
249.872630
209.865389
-14.390231
236.740421
261.248835
-29.730925
-32.881430
288.784195
5.519774
237.283885
97.941693
253.839494
266.088975
258.761900
215.195392
290.085012
251.461181
244.035983
230.160195
-32.593710
136.346484
213.334662
198.560323
277.334437
163.450350
231.393545
273.472972
281.301301
254.783777
228.419329
247.646268
94.965282
197.701550
276.562763
274.942809
233.113784
251.368101
247.059547
279.520679
242.216295
268.194976
264.047419
263.224496
204.243438
251.917818
136.389509
203.920528
234.370316
287.075595
188.091170
248.967928
-180.525453
257.083130
208.880231
232.034197
276.283537
214.169326
259.485431
-39.954732
215.945404
285.436000
267.121886
275.868860
233.113843
256.773465
229.829496
252.788763
211.040471
272.977070
251.901504
213.424203
34.710886
-88.790672
31.994530
-54.936360
-33.760355
243.692764
286.044130
228.655654
244.728307
216.558543
255.771887
243.307274
-69.366950
208.821044
249.733766
224.417342
286.527977
255.787112
250.183032
227.769673
-183.571874
201.746383
210.215436
213.076874
191.278721
256.021592
221.361602
265.068632
218.439757
215.334685
207.030908
206.483202
239.834229
232.444934
205.200344
260.603162
284.515795
271.607747
137.644751
216.046646
232.591568
179.457948
240.773767
255.568047
249.541887
222.985450
281.070903
241.818605
251.483681
-104.264616
206.560017
256.072216
254.367431
234.566853
-27.460080
227.718637
137.382205
270.614765
206.816915
198.692583
185.923788
248.902320
251.660617
209.793870
273.893759
254.735120
204.629225
214.639007
270.882849
261.248920
251.196723
236.044913
227.714143
229.930476
246.008650
218.856553
197.070496
245.511965
240.744126
287.889725
216.625235
-176.932809
289.956768
173.721998
191.268421
225.473689
204.255068
245.455939
277.480608
247.748025
254.008421
-124.140608
-68.362564
-72.018024
-165.303254
253.966241
268.476644
231.372673
244.325324
281.005856
183.534026
251.404145
-52.367516
-74.497377
-61.833043
-36.363618
225.215581
177.480193
231.503366
230.864334
250.893889
223.446039
280.753883
231.115738
191.266947
253.898967
123.478494
195.463692
265.244791
205.028837
272.211637
278.764200
281.542570
245.988331
-143.351986
-97.852744
-68.756026
-144.228531
231.272822
153.985843
161.303532
181.818080
253.518664
267.675810
238.851564
268.779205
264.790181
267.522663
288.139750
244.990522
161.737187
179.311536
201.017083
252.328145
256.009745
242.241186
239.124776
234.388590
240.938586
223.934888
241.884006
262.665429
257.362943
232.400472
272.556705
251.102093
217.542465
256.630926
205.374493
225.365717
255.406688
266.749994
287.534914
217.358894
270.379948
126.199471
244.313720
189.489498
212.000292
279.402577
232.667754
269.517599
220.072855
222.874186
262.218096
253.899991
207.274619
277.324502
252.627559
268.363420
283.678469
248.935496
265.975906
244.900001
252.341416
219.146849
271.933914
249.345467
255.398933
233.287177
254.008207
254.713589
290.037613
290.565904
220.112414
244.914587
271.036267
229.092593
232.368392
278.293185
237.666832
230.527775
248.912938
250.614602
226.754786
222.311165
232.491204
257.242404
231.519336
239.246179
216.323280
208.435327
258.700870
240.204183
226.320557
239.415711
229.526138
260.870729
220.912800
241.984868
237.840062
272.992781
255.206974
248.917219
259.917753
261.361808
210.207811
266.919979
236.930926
245.535677
200.391186
242.994489
254.102981
252.395848
239.951011
226.710401
207.830812
213.452323
279.585975
261.005686
286.321881
170.690264
315.782712
271.594180
255.661523
263.757121
260.047629
260.937931
285.828628
237.385785
242.306264
237.506503
260.753145
274.737930
229.148297
203.300699
255.283457
302.385433
277.751678
290.804018
265.386138
231.240742
267.659227
259.065299
250.533319
261.949253
236.105785
279.268718
223.849601
289.107611
230.662169
269.328910
294.585168
282.870782
260.811491
280.711727
291.195003
300.132569
236.167206
252.859513
303.331715
288.287177
277.848850
260.134153
283.223338
230.595567
253.328408
255.206502
239.608795
249.244484
269.823631
255.357293
259.810024
296.752717
287.163898
257.456338
268.655060
266.591553
234.062367
280.384488
262.075162
297.337576
226.642202
249.406220
287.120526
263.261725
260.550147
282.870766
265.871969
253.620831
232.418598
240.485480
251.894928
242.767349
266.498843
260.999965
287.928940
242.110184
248.483763
297.914411
256.334149
261.705223
261.789358
270.371360
234.112364
283.195302
281.872983
288.906124
287.531144
255.001734
279.550498
291.231803
240.735818
248.998978
229.892335
290.945991
286.484589
300.269608
257.953129
264.923641
235.727622
244.887035
260.599403
272.372997
253.988398
256.126125
247.905796
266.449198
270.351398
299.255158
257.547079
257.722529
277.513129
262.244381
250.135143
265.060272
251.182757
267.641481
244.322504
258.344981
227.471305
294.384426
283.868749
249.497976
245.661499
266.411956
121.291761
245.040152
226.239964
251.390120
271.168280
259.590616
291.169600
274.412981
272.537256
284.170332
259.771651
268.709719
248.340425
261.667030
275.645428
262.401620
237.951174
223.402812
276.536262
244.676226
237.973229
254.063749
276.516285
261.044463
207.823631
243.484516
243.122674
227.846227
251.876522
251.633555
214.808685
284.314661
253.827984
249.819047
234.895485
249.750636
292.404828
285.029507
215.443597
230.746130
269.795353
273.837128
253.385505
231.483980
259.884646
259.689949
291.089991
226.847244
220.194549
257.780880
240.551736
245.292187
256.898968
241.647867
205.428334
206.546446
164.422685
258.959899
243.859473
216.532948
233.635868
251.485367
244.138121
276.597976
255.180634
-23.468702
272.095114
281.584779
291.283460
280.173156
236.787317
233.117943
218.633920
286.161142
198.063996
252.159582
149.472529
261.354102
253.729426
307.856873
259.200994
225.405870
242.404220
269.257298
233.449767
253.331939
197.540365
202.277170
224.349312
258.786892
226.919515
222.274367
228.716747
220.962351
288.719559
29.610990
253.778170
224.113847
218.708494
191.542532
212.295931
249.550623
247.411301
255.719203
275.026778
237.667224
225.514080
276.640354
192.247514
285.739587
223.881107
210.661786
225.288328
228.198318
229.844195
214.910243
230.430465
245.532560
206.602262
-149.418153
226.671079
219.071438
188.666374
234.862660
185.989013
201.992079
252.386736
216.080630
167.351159
188.298580
181.128864
206.168208
263.246708
165.755600
216.240850
246.525852
212.940460
236.472916
223.587110
279.892934
197.857571
172.294259
146.886019
206.545149
98.242390
218.472037
200.639205
183.207311
264.766258
216.367926
191.635244
166.906038
196.302393
261.012759
248.445643
238.596909
177.125606
-38.486557
188.844874
213.370155
234.317929
213.990981
186.822919
214.262142
180.111207
236.217146
244.494994
239.372890
276.406387
237.800309
241.918408
199.634792
243.344273
148.205293
242.622832
255.995958
221.533399
234.704523
192.927620
225.557699
243.942816
270.382131
258.758837
244.176252
235.005759
222.501290
241.192716
277.926062
280.694936
244.075241
262.605673
230.421094
231.883529
237.046909
248.750114
244.004590
247.990030
269.248120
219.078441
279.699313
249.021381
215.219504
249.368172
216.787295
249.724691
204.672951
248.149453
231.102537
245.420734
305.910731
271.775926
259.740700
260.883283
262.741134
252.606213
218.274342
234.241843
287.827462
264.612256
287.587517
235.141489
260.197339
205.969261
252.178295
229.939709
265.417973
284.706782
257.858727
251.633671
233.824213
257.970743
256.569547
271.473833
245.499871
251.199776
277.206703
278.608174
273.679495
252.381352
247.405245
262.370525
277.136536
318.259980
285.182874
207.365794
250.348774
273.913063
220.467495
255.435600
240.684168
260.715808
255.547562
282.976481
237.302945
120.713096
119.211842
272.784403
241.280464
258.337320
264.206076
250.823910
254.000234
268.392554
292.411855
304.007847
264.110672
-6.454329
-201.063177
292.529098
53.760562
65.878738
261.512669
261.602326
268.939919
252.082136
-7.829667
60.924604
-109.848053
-108.801812
-149.425212
227.519724
219.986694
166.759889
257.290764
174.820892
281.363937
-19.370273
27.906227
284.635922
75.421427
268.066315
248.900857
280.906407
35.129073
41.578034
237.839127
269.738662
205.242858
-29.951576
260.078368
255.304897
3.545851
242.992330
282.996151
-1.105633
210.213094
207.372906
193.445546
174.754823
17.412397
-66.553511
205.552847
64.162171
141.654097
220.930475
-17.778332
14.981776
2.631206
-11.770828
229.409971
92.536110
203.511418
181.429492
-25.183538
162.017082
138.721535
145.078749
-20.303002
189.000867
183.013466
188.443461
277.550813
195.238191
206.496033
156.241890
216.410304
198.858265
231.519172
189.552000
205.819596
218.843264
255.735848
255.791343
241.092557
240.377392
221.624253
205.397333
265.633341
255.588317
4.062630
250.206534
225.687183
191.318921
252.206898
173.811064
-33.615414
195.520387
178.962716
10.043522
160.734007
-81.032171
240.033193
239.238362
223.046730
268.604827
260.118631
275.956590
198.325398
183.697830
254.870535
224.110762
176.948573
201.705195
186.504033
189.037118
209.951993
158.241477
140.158236
174.674783
199.278832
218.502765
90.465092
-264.129543
-9.140043
-274.558122
-201.454720
4.438477
218.775420
-51.538099
-45.008421
230.034396
-86.998179
-85.209688
-59.338600
-90.826363
-61.272067
-37.577836
-43.046435
-66.064874
-61.740224
-33.547345
-57.205381
-98.031258
-57.683696
-38.453255
-54.154266
-50.694703
-27.510134
-71.762853
-27.624353
-62.646105
-42.067250
-41.199331
-31.868932
-52.336049
-30.607749
-26.830919
-104.718767
-2.305302
-101.810815
-3.389246
-16.549909
-75.580920
-91.940749
-68.284532
-60.683293
-25.170016
2.459639
-53.034490
33.365628
30.774589
-227.664680
215.353840
-1.143131
171.297607
246.157258
271.180219
257.161634
220.922248
181.300259
258.333936
251.618763
222.383365
224.297533
249.866126
230.600523
228.177770
250.611662
233.987942
269.134651
241.131168
224.050090
235.029424
232.449549
244.358229
235.978833
260.820473
254.975078
-378.768598
222.877016
220.800539
274.649488
219.324992
238.034324
234.769344
220.319088
245.129786
225.041361
-209.028072
240.781273
-14.876983
245.385261
228.677756
275.628634
289.535785
198.138710
228.720955
235.708337
231.995818
246.296512
257.360134
237.948597
244.422096
253.206308
-16.903195
238.087282
190.731980
23.515195
253.180305
265.635851
171.398622
276.826242
264.525113
212.102219
-6.517879
202.370606
123.498922
201.225144
-141.204298
258.687755
161.300304
230.946481
186.543334
-130.451381
184.079028
185.997077
-256.448901
219.049380
138.299278
18.418576
-42.163466
-14.778706
-12.376430
-27.584870
-22.641322
17.985554
216.620844
202.273497
205.608553
226.216111
138.294389
133.110011
164.988775
104.562918
164.126786
163.653250
142.435469
156.593248
230.290557
169.060689
190.045200
168.854811
228.700299
195.013391
157.911482
204.616900
173.304603
162.901869
228.935773
254.105091
256.953086
216.903442
154.749436
164.481368
125.248051
164.671200
245.682310
202.016731
126.403376
230.736867
225.754920
195.136293
-301.892731
170.804719
274.067214
140.162394
225.668338
193.529919
206.900988
284.705810
220.673253
269.079438
244.753463
261.224017
256.903066
235.593549
288.019426
250.980440
239.520805
220.770942
200.282510
38.612565
242.469453
221.342041
248.752807
254.956033
238.168809
251.236290
228.282464
191.319919
207.376987
212.714660
247.971599
219.254442
269.362573
191.018074
197.291793
164.098607
-31.844090
0.498592
3.624508
175.443455
176.194311
192.299459
198.325037
232.902688
250.742092
220.563748
256.106092
240.762726
240.932839
235.699240
249.580684
212.668885
187.452314
228.145922
255.443994
244.086240
251.570512
249.546366
215.011121
254.859911
251.483421
268.521821
257.569944
230.581138
247.884637
248.734877
201.590940
222.351145
219.032815
221.240214
224.477374
260.053740
236.960479
286.088021
-237.955416
265.349289
239.588474
221.395249
216.306251
286.195767
-97.254689
-96.909851
-80.674558
-301.429150
-273.368601
92.302712
180.736497
-275.679589
184.029250
157.208498
228.515206
244.098816
173.342789
234.850912
260.090913
173.786125
167.651025
234.601919
202.674458
215.291288
221.960180
160.123104
167.079181
166.941336
224.474993
235.382615
191.528480
235.429581
226.792952
238.643109
246.359034
229.010916
218.758102
226.758690
-49.123599
-85.031385
-57.270851
2.286201
191.339318
108.006912
178.878893
223.952062
213.780152
-102.201290
-97.096122
-86.092245
178.069234
-188.927752
96.859378
-139.990071
199.172658
-205.822060
65.733380
90.175061
93.928424
111.377601
27.083405
169.983727
149.531515
70.121367
98.097974
103.727871
179.695899
220.861049
209.705836
217.792068
188.018652
191.474912
231.890683
221.674692
139.453046
227.676361
240.906111
72.929089
170.735905
251.251882
160.309217
182.277582
186.975580
160.756523
210.489289
-383.881246
145.795782
175.814098
213.065057
-199.295781
190.144127
211.025563
179.395003
207.850775
179.205769
66.571226
244.709428
213.730762
231.462153
77.776197
215.467549
-80.054912
223.508461
223.288400
148.712053
165.721913
203.316459
-354.000990
226.129989
221.170235
-74.401609
224.333033
220.574132
238.419067
220.549671
207.894925
88.126114
176.698098
198.679998
232.009341
214.900756
228.438405
222.073878
211.406880
217.852297
162.169658
191.544010
235.095951
231.076142
224.796990
187.740173
14.152568
203.005275
195.408036
218.357993
58.716184
-94.608273
-86.197910
159.370620
62.942542
199.291457
148.398962
-391.735169
181.578168
224.133954
274.511320
213.715525
195.629690
242.174434
289.255106
138.168828
203.648071
269.275083
219.902374
206.070464
190.433221
208.746847
260.693018
214.288047
207.886305
50.839106
251.952472
196.979903
211.979590
228.994327
167.544009
233.067675
189.241460
204.852443
60.382427
210.783287
-31.494277
231.109728
236.193535
44.025578
143.579123
-98.202479
218.803861
211.167934
193.909290
160.382290
224.796854
233.879714
141.724517
242.189442
162.587836
197.038077
65.481659
-17.804756
-237.170051
-38.956229
230.094185
157.713663
-48.253930
253.647558
-60.058587
-38.796206
246.213932
-119.697121
35.179784
-42.318346
236.605777
-30.025291
-24.953108
-40.087522
2.564674
10.356160
186.865558
-23.920050
-11.426607
184.490586
-45.914678
-32.903435
-60.257987
-4.568252
-38.897157
14.498151
144.991739
-13.651291
191.591556
-46.624960
-42.796429
-12.556857
-17.962384
276.443632
-63.579684
-29.855187
138.460763
164.517148
227.305859
168.845954
285.625052
211.249924
211.736543
135.893995
239.381757
235.466527
170.822003
205.077942
164.767530
257.269936
209.996028
183.080510
-68.291849
71.851435
238.059432
240.137905
221.499744
249.336064
242.751381
182.118058
191.474090
222.781978
192.149416
161.500705
122.467070
158.681114
172.868645
252.251533
204.094433
245.120735
215.654310
223.100786
264.153541
254.348809
165.388336
257.193870
126.630108
197.662913
174.027256
182.524598
163.437613
226.420427
140.392497
78.424992
285.987932
207.926146
13.478337
254.704850
244.030107
140.954528
49.120062
-95.775884
176.739687
156.533390
-9.809720
133.529492
158.725955
116.183819
-292.732156
164.256991
209.193822
-430.171073
232.692701
214.467382
130.928617
220.911561
235.820469
205.187318
234.898276
243.261955
147.605482
242.073242
220.090618
292.395889
-53.526608
158.817763
149.002701
207.219362
229.630168
146.566511
244.604416
138.141895
137.492738
146.492190
85.230625
176.398297
239.833118
168.933174
223.667885
244.080320
212.183393
243.685150
238.772178
234.118180
110.963574
32.979481
246.613194
214.953052
232.347224
191.649670
176.417997
152.011247
-409.723514
272.723697
-32.239863
-17.283847
178.043994
231.669268
250.352372
240.895224
157.253351
250.967580
11.714788
212.349150
155.886284
230.724881
170.597400
240.888596
241.891569
244.693495
211.225383
88.532533
245.230899
204.468410
244.275867
210.321337
241.684831
193.576771
163.615353
277.916937
250.159047
242.629680
50.254430
239.662945
169.321509
46.517062
282.956923
202.809412
249.381169
156.610154
196.283193
170.593811
249.474698
279.513142
53.665541
270.471303
253.795612
220.767469
264.354548
-152.454817
248.812271
231.440686
279.862610
226.814661
180.467204
277.564164
204.185889
230.555341
215.652086
128.951355
213.637075
267.991873
246.097714
187.532977
252.245285
200.373720
208.981300
210.194577
243.409970
3.844963
219.507537
107.028540
-162.800034
270.860654
280.529029
158.058797
229.582663
-193.803004
268.274466
-39.063837
170.246993
234.055268
172.241606
190.559246
209.520078
199.649577
198.660951
250.051764
266.361778
201.903582
-63.414954
213.577117
232.516024
248.709757
184.170966
240.486718
97.995187
173.487723
251.866432
146.617056
224.296732
189.031205
211.188042
206.661841
226.805642
207.795500
199.978658
114.480712
189.834030
203.642759
179.861014
201.383213
225.886009
263.533351
175.567885
147.149909
248.671794
254.764200
263.641553
187.385680
248.477389
247.543548
179.194810
210.096115
223.673341
209.952153
213.910260
212.256062
263.543699
236.654221
237.288412
-4.956120
207.799589
266.371502
265.513481
174.401370
235.490048
242.164731
-32.397531
240.459093
224.994393
31.025819
225.778365
204.980265
214.785519
227.665907
-200.326528
234.354732
-35.508319
220.042367
255.529812
260.693996
216.730594
260.441750
234.596549
207.201034
91.858593
208.842926
229.887090
225.316156
270.732446
207.076512
235.929492
224.110692
223.503832
245.752335
206.187889
260.969378
192.409172
249.652407
232.871738
217.446075
219.752969
228.565381
183.954891
257.386457
234.987034
158.725760
187.411216
157.878206
206.009129
-246.811182
244.737518
229.921576
171.475477
167.270832
155.641817
134.303594
226.456261
266.803280
254.365637
160.510538
206.778114
260.433868
176.735082
188.420984
217.627116
256.805359
230.802342
201.828019
232.558367
264.386287
199.900848
230.860013
165.730802
221.476624
166.407788
223.735917
161.877849
210.490343
174.555470
177.743566
-153.459854
212.698329
218.357694
166.103489
230.275642
209.149564
204.030842
167.493378
196.723910
231.066257
197.671293
189.556662
208.343552
-121.267091
188.189035
-110.258962
156.502794
-53.281874
173.570400
177.153187
178.392788
175.584353
226.856229
218.662838
219.712750
-46.938962
235.617492
265.221482
277.964580
226.323185
263.801081
235.876801
174.691127
163.738019
228.644270
269.228386
202.185766
175.403475
243.525512
217.367243
185.433947
233.626513
182.736458
217.401178
231.261416
249.597740
60.409703
212.111753
221.352353
238.030285
204.344699
227.165285
236.616448
209.224602
155.446229
226.431418
258.815254
206.813860
264.447385
162.088377
53.385600
182.230510
118.030448
206.969935
166.198856
179.111916
196.059581
203.218176
240.331926
213.063873
162.325444
173.302972
219.320016
214.484617
209.126816
246.333718
256.620601
188.742814
207.563389
237.768384
215.277323
250.799517
178.488784
243.754278
246.313932
267.124910
226.161682
256.997875
224.907249
277.541902
271.601057
274.618894
249.607209
283.918564
221.927338
231.044787
242.653538
182.630214
201.008127
167.093299
212.023750
228.401680
182.392428
190.222099
202.915348
253.959431
234.510678
219.909671
208.189379
199.448690
16.867579
285.098417
265.514962
221.991922
195.698846
151.997859
198.667878
257.113496
187.034170
191.798025
214.404026
229.968422
60.236222
152.189807
-19.437442
182.496509
270.734316
230.304103
128.657557
240.521070
182.374525
198.373485
252.760941
259.406427
191.088166
183.472889
242.148271
249.032220
235.288670
238.879553
5.205911
193.004800
179.852301
200.280793
159.958692
153.598517
227.999229
245.643275
178.700102
114.655202
256.559228
160.981733
175.830351
221.933772
245.082622
216.294315
215.776952
213.301240
244.139192
200.011960
241.925994
223.235404
274.572991
270.740283
271.546063
228.383988
209.381196
274.793382
268.196015
241.876463
222.367744
228.787677
246.568631
155.603089
213.740259
276.980701
141.120147
226.957656
153.756737
239.032560
229.367005
227.529914
255.207821
267.905446
280.356166
293.781489
188.564553
143.817743
238.890418
246.976201
226.141108
230.359677
282.872698
282.955266
234.000115
265.637375
189.350790
282.198767
248.784765
-6.183627
264.108918
228.353168
269.575503
265.657181
231.721097
213.020983
273.579694
224.315245
240.032482
222.550236
223.432299
284.772283
242.275892
255.035793
232.944778
274.922557
195.304130
246.825383
210.370496
235.414898
177.386737
161.998599
248.156082
254.961021
232.589224
207.474287
206.283595
266.894938
224.572428
252.868070
220.825299
256.546323
170.572620
218.817661
216.525354
291.829289
209.704168
269.644625
-8.914936
-76.713157
243.814826
284.768737
250.536795
265.501948
233.119596
-315.895020
207.767114
-274.195964
272.840299
221.801787
207.352049
-25.956211
-1.309322
-53.040455
-104.550017
257.602929
276.308349
210.998603
216.912131
228.060701
230.265017
196.079077
241.413062
196.635391
181.501573
218.256693
181.487805
194.706665
185.752653
225.580816
258.026893
197.707047
255.077078
252.432495
219.134068
244.471685
219.289232
205.185875
242.959674
211.733890
244.759030
269.922462
260.773901
269.790834
211.212624
209.839167
192.881709
214.068923
222.438692
-5.317600
181.784192
161.090144
206.069822
181.755323
132.725692
173.120223
240.520510
236.862925
238.941862
275.236610
-678.739881
278.369842
257.262650
228.256598
209.643274
266.121738
209.191848
206.406074
185.537856
234.263200
235.497047
214.850345
192.318658
208.632605
192.021863
218.825706
241.102323
256.683988
217.762075
248.598414
213.963174
258.232099
228.244471
244.624611
231.930577
297.850317
-9.276945
232.915133
268.059741
229.410315
251.647838
236.016464
291.149694
290.255635
265.229532
203.245528
221.214268
-184.989474
288.139447
210.874458
202.387560
220.416247
238.384040
259.152951
276.887820
288.133513
-32.956606
198.131733
205.227960
136.220681
200.200288
-68.446166
247.973807
264.875438
283.233323
231.889184
236.269423
235.751355
219.382456
284.716171
251.043527
285.248423
221.316333
-174.939884
258.249358
203.984301
169.910044
251.159085
253.283023
232.692651
231.139278
192.930027
201.293214
300.889819
-24.913655
291.891034
211.034184
78.330610
201.025613
153.398282
255.736210
249.596752
177.009106
251.888161
235.303906
237.458863
238.550146
255.832979
182.512740
201.620345
195.896329
166.883983
275.244397
250.066996
261.271027
211.637448
225.152304
255.306144
281.607862
203.154343
284.819952
-4.292348
175.670427
188.108545
180.719379
-408.382038
263.639065
254.223826
234.934090
164.672577
220.368490
240.511610
109.507236
258.666310
156.999684
215.567651
174.271378
226.851143
216.611414
224.560698
206.253890
231.458367
232.706719
245.813745
217.244205
222.563816
258.267285
-124.673455
202.257961
163.731733
192.492591
-2.625533
-49.793965
-90.269651
224.075742
-55.189308
181.121916
177.518419
-52.264200
180.087442
173.391358
159.938350
-0.962700
93.246817
77.637703
61.136859
54.797357
5.751443
170.319758
165.283138
180.582784
143.548375
193.850290
-92.363298
198.834702
-238.936247
48.133125
141.541743
173.462981
178.649366
157.113464
209.766009
181.508257
199.665368
231.889573
185.811251
181.239014
-61.916012
172.878092
-115.089163
230.250359
181.592330
189.209698
211.937303
197.768551
-36.490165
-66.700552
-86.536234
-76.964726
-119.225098
-132.510858
-298.991869
-223.033874
160.396394
53.182943
-127.904082
239.399946
199.162407
213.173746
260.214814
194.373048
61.536272
197.396827
164.318653
-252.790509
161.569809
228.415055
39.919266
213.602951
184.407762
173.986974
227.741644
214.751489
216.752272
177.671268
235.691712
1.262806
223.961192
232.294015
192.896485
161.277984
152.562514
219.534002
184.003764
