-450.510737
-216.676456
-61.088490
-98.146453
-196.836281
-501.011133
-82.834072
-291.560360
-112.141743
-82.362605
-62.603532
-259.487872
-196.857136
-112.890393
-64.242796
-84.313539
-325.502912
-224.425944
-414.816927
-229.388916
-519.955900
-345.624334
-161.280497
-26.523332
-70.871301
-205.514068
-249.766707
-99.238804
-135.087268
-84.137813
-167.842776
-97.100527
-148.327605
-84.193778
-209.210436
-173.433428
-215.007500
29.926465
-79.746611
-380.403794
-73.406037
-110.660318
-275.837975
-396.816904
-117.589266
-556.287915
-274.083204
-279.036970
-80.900064
-130.099354
-342.546448
-221.506346
-252.067356
-418.817145
-10.376859
-167.855592
-210.885728
-266.564722
-171.126867
-12.953457
-238.920730
-84.781081
-370.521506
-108.216391
-102.204660
-198.994566
-442.242428
-188.084551
-93.373648
-257.864052
-321.541258
-331.895697
-406.223053
-57.062448
-118.088820
-131.660695
-412.767785
-308.430760
-231.824621
-123.278705
-413.311277
-114.689570
-498.978815
-209.312443
-172.240831
-78.417722
-270.633538
-73.519636
-474.269031
-189.490386
-120.116865
-334.052905
-299.544120
-179.897784
-98.643265
-471.731964
-78.386145
-95.649857
-340.704662
-333.438623
-9.906403
-95.290661
-276.942599
-145.170825
25.368730
-179.811242
-331.074869
-77.029643
-370.418674
-312.638218
-148.568776
-109.119388
-370.145668
-246.298181
-393.737396
-301.427894
-174.168380
-344.983605
-377.801827
-286.222664
-211.469898
-44.887719
-554.259458
-120.197760
-75.151911
-214.717313
-109.800757
-473.243539
-453.164561
-220.580670
-103.781808
-203.400968
-26.681420
-319.808621
-197.497119
-393.456376
-79.548897
-395.768870
-132.509141
-73.346075
-387.762994
-395.140926
-83.067927
-277.460525
-208.046710
-264.885123
-305.755550
-94.079219
-252.134164
-52.706214
-404.561787
-113.659262
-58.428372
-86.259124
-187.179221
-104.860754
-209.683629
-337.715985
-83.289201
-166.766849
-70.995374
-44.641693
-280.050714
-109.136235
-138.569893
-273.989702
-244.556038
-330.567418
-236.159184
-312.950281
-450.984489
-500.190487
-105.203997
-88.926525
-478.195546
-391.785265
-237.588665
-127.768489
-54.622971
-189.049502
-342.244731
-80.920432
-429.110596
-269.602462
-290.905218
-342.784289
-122.224276
-102.711809
-129.977316
-224.398024
-447.169396
-138.761839
-506.121770
-83.559045
-134.270874
-223.897189
-99.686081
-450.885046
-13.558946
-131.623573
-101.985093
-132.290524
-75.563899
-207.754479
-64.983928
-168.193487
-93.943055
-338.007122
-345.208697
-172.111383
-244.127023
-514.195223
-271.371238
-144.021868
-238.869515
-505.551062
-122.173874
-208.124704
-236.513639
-359.467638
-224.867143
-116.437479
-352.627149
-114.501193
-64.653352
-168.781601
-85.300029
-287.983573
-140.145587
-90.875503
-174.270395
-201.693104
-182.482234
-145.887287
-335.478737
-71.718197
-131.365267
-119.032187
-564.071094
-405.161419
-197.242376
-85.477114
-282.714787
-206.793290
-280.097085
-369.248431
-269.824145
-220.097526
-338.556146
-360.618005
-642.923408
-154.115433
-503.233757
-345.030006
-150.720816
-73.709802
-156.688371
-247.016897
-364.658729
-119.171444
-229.133030
3.273661
-114.333030
-389.401084
-115.122667
-195.738198
-192.040474
-127.268194
-241.167958
-92.229839
25.536810
-168.906524
-328.218004
-165.895356
-51.626176
-186.723222
-95.323852
-248.505329
-225.213172
-201.294279
-57.680117
-112.008654
-153.920935
-114.771050
-301.572838
-219.359441
-141.594091
-276.016049
-378.461644
-452.620774
-79.696737
-517.463349
-313.507671
-206.400235
-69.870533
-182.597100
-151.969454
-415.623784
-83.769427
-152.816951
-107.633153
-228.866436
-333.773398
-79.902784
-38.687471
-104.467490
-101.451066
-382.231437
-104.199117
-292.621010
-91.157515
-405.869478
-501.365064
-416.006472
-288.486165
-321.451435
-452.839877
-39.493461
-222.619016
-121.227572
-89.400551
-432.779537
-473.223775
-77.120743
-114.078095
-413.075369
-95.416025
-245.590161
-87.753203
-344.886138
-454.493080
-134.675212
-218.831228
-113.907136
-138.018104
-164.072985
-77.329651
-63.681152
-143.275243
-96.650090
-77.689102
-438.398735
-102.024554
-447.228227
-332.265969
-111.536927
-228.470767
-148.126251
-112.501261
-22.664156
-72.092323
-119.316726
-546.712403
-194.706360
-325.939524
-91.259701
-89.732306
-234.570023
-13.261596
-115.908067
-134.585666
-250.544686
-72.023759
-118.539524
-268.256047
-306.987997
-78.488458
-102.867251
-325.228620
-239.746112
-102.604614
-122.471206
-100.524536
-258.278520
-431.292607
-150.794980
-87.334846
-73.285388
-77.897910
-107.931114
-352.370440
-154.045774
-339.101942
-282.644733
-186.946001
-355.300472
-199.577292
-121.870606
-107.927666
-142.593116
-288.503245
-88.081291
-358.248045
-114.353681
-99.842519
-102.785140
-254.874111
-79.768628
-162.290897
-114.751504
-109.389146
-77.156174
-236.368133
-125.775779
-328.580036
-52.360286
-178.177838
-55.365552
-493.836230
-12.634373
-172.038325
-380.311881
-124.733701
-415.541813
-349.117613
-182.370617
-124.574239
-118.064792
-113.810050
-366.290739
-341.916889
-79.681640
-72.548392
-127.099648
-291.767438
-360.873658
-284.341118
-121.720257
-119.443300
-139.393328
-189.375579
-298.782781
-402.423171
-73.379799
-193.135446
-161.756436
-111.532153
-90.839138
-347.798486
-405.778801
-333.977481
-187.512684
-213.580786
-82.366026
-88.939862
-128.186538
-213.860704
-426.881295
-133.212511
-127.414680
-177.355093
-100.427958
-124.353135
-36.337415
-41.812289
-137.609287
-54.484927
-75.370125
-201.776302
10.855906
-268.170435
-155.986350
-103.335638
-135.741925
-338.811326
-259.448816
-280.318527
-75.327299
-131.333938
-244.486250
-98.429749
-146.764409
-98.275803
-265.867170
-81.486528
-85.382662
-235.221213
-251.248191
-433.046649
-384.621340
-61.676546
-57.696069
-304.071565
-155.755513
-128.158085
-154.256481
-121.287692
-202.161610
-89.722854
-102.775266
-226.832613
-147.681457
-133.154492
-87.747632
-96.151444
-182.898711
-151.248685
-362.495260
-334.414943
-135.943974
-187.187816
-366.359491
-55.262218
-243.181118
-184.707021
-107.194789
-294.540886
-131.296411
-151.529998
-121.753680
-523.112818
-177.800750
-125.061858
-99.136481
-176.569329
-42.477915
-229.630783
-319.841148
-96.539679
-69.637778
-168.324310
-178.637665
-322.603237
-112.779402
-338.308328
-100.350946
-82.194855
-71.573056
-71.525981
-220.356758
-388.324964
-378.133653
-144.848899
-43.302876
-143.683053
-140.063303
-138.475303
-278.820749
-79.871823
-337.110768
-178.741019
-187.070256
-108.803484
-198.228311
-92.472923
-221.692092
-294.550235
-72.370546
-118.894176
-118.464603
-339.696733
-122.045794
-115.596417
-15.316575
-370.077220
-147.751326
-208.013950
-157.876265
-68.525351
-109.049384
-132.502099
-180.970199
-93.850213
-123.377112
-121.241154
-150.570007
-123.721380
-133.424528
-92.341533
-145.065339
-59.771644
-145.283413
-156.371763
-124.836952
-112.835580
-123.396607
-328.015565
-188.546262
-97.746833
-283.080477
-124.267144
-128.474903
-316.093967
-48.672600
-61.531740
-94.436847
-104.914991
-113.589405
-57.284337
-72.839102
-126.920887
-312.342470
-103.863939
-295.954816
-81.121661
-135.814186
-138.841413
-112.572239
-336.126188
-184.137377
-227.166162
-98.488358
-74.141181
-391.010620
-74.209885
-216.799607
-211.081744
-114.713482
-95.233170
-74.644508
-67.618917
-141.918832
-131.813080
-45.023422
-106.381383
-146.779433
-110.433191
-159.858221
-73.228734
-350.719402
-77.828072
-117.970373
-62.018100
-96.095344
-42.004822
-43.638864
-37.573284
-135.580665
-390.547807
-359.428617
-96.615270
-74.158753
-102.057511
-156.978578
-100.527887
-84.472737
-60.178821
-426.145390
-284.248118
-150.712494
-98.089744
-127.384829
-104.925441
-127.314518
-264.516149
-274.988931
-325.464797
-175.342411
-96.359342
-11.390090
-80.705840
-79.654726
-129.498902
-106.165604
-60.413372
-127.222601
142.878331
-96.079891
-89.593503
-288.497866
-109.257998
-76.988811
-86.122871
-79.394926
-98.470905
-238.790628
-83.281805
-114.349913
-173.175800
-338.768554
-108.005375
-194.700170
-111.865983
-67.104607
-89.762508
-300.500687
-202.033402
-86.331689
-159.931822
-419.345214
-69.856948
-99.924713
-137.925816
-88.049909
-91.768799
-51.423993
-133.125983
-50.260374
-239.131050
-89.657534
-147.637302
-304.800008
-95.249516
-91.248054
-119.269571
-132.165752
-89.007563
-135.101036
-131.084958
-117.360749
-80.712435
-333.748463
-147.853106
-114.338014
-318.983780
-33.622069
-99.609087
-74.452915
-140.907257
-297.369891
-131.938173
4.626241
-68.349727
-102.424908
-81.958856
-152.392279
-341.687313
-183.511421
-70.374643
-105.895652
-322.877868
-155.892398
-149.672433
-108.402622
-88.054862
-105.291448
-187.735493
-162.932038
-126.822217
-371.839467
-120.476179
-338.338571
-89.439306
-83.306781
-102.944131
-95.183494
-133.311297
-130.807563
-71.373609
-118.020307
-84.897436
-324.302991
-221.101559
-57.091143
-90.281667
-121.984689
-75.775148
-172.119378
-275.638596
-44.979542
-182.295242
-144.067748
-108.675611
-200.308465
-85.339542
-111.049041
-183.756016
-320.713698
-124.059800
-100.315119
-138.785156
-90.466273
-80.109075
-105.010769
-126.556597
-220.149332
-43.398560
-127.692930
-138.835802
-108.532229
-72.688030
-2.840707
-274.141125
-106.632745
-70.364176
-77.674291
3.824758
-101.052904
-86.390276
-159.681381
-142.096739
-55.833654
-15.512848
-532.699604
-213.523911
-100.628082
-297.270336
-94.506225
-116.739420
-73.166499
-8.674700
-137.488130
-80.967282
-124.002970
-18.816583
-118.974601
-141.995192
-110.864392
-321.007160
-80.891095
-189.449354
-88.129282
-34.893420
-162.153338
-103.921039
-151.246091
-96.944698
-68.062900
-105.033996
-117.125524
-189.529993
-251.953471
-144.804283
-186.629916
-179.311164
-72.340665
-169.745962
27.129158
-170.758390
-125.029339
-150.963514
-106.628378
-105.275058
-121.652573
-186.718538
-94.739976
-125.843234
-198.616698
-159.159006
-77.533164
-116.202039
-40.328839
-146.153864
-125.663170
-126.035967
-168.547204
-142.035729
-176.200690
-103.027594
-93.573223
-139.329773
-117.089943
-106.084808
-116.030863
-121.874968
-94.367706
-104.431605
-122.509804
-69.474710
-115.188280
-178.068203
-134.951394
-339.691287
-83.669668
-432.174745
-244.602261
-115.339557
-9.035205
-123.652120
-114.944286
-72.917411
-107.426649
-126.758602
-80.481548
-105.816334
-73.057563
-196.640775
-88.925273
-95.776207
-196.575755
-112.493828
-206.014807
-92.426572
-121.679774
-217.477032
-64.129267
-84.044997
-42.323866
-99.288093
-78.113982
-100.963896
-158.161411
-40.700268
-91.656405
-196.549395
-101.514436
-80.051531
-124.489598
-45.404716
-175.127745
-135.721922
-149.307081
-33.031405
-65.845718
-210.912817
-116.678858
-94.853252
-73.807664
-136.138586
-97.178104
-108.303948
-105.680065
-247.542630
-113.008062
-93.786288
-91.197383
-109.486946
-80.782709
-103.027653
-84.892853
-149.772580
-177.882914
8.895113
-90.860820
-117.462595
-121.449595
-190.075999
-178.864090
-58.918694
-106.278746
-154.627056
-272.237204
-113.460331
-79.376466
-85.841658
-156.259842
-116.617146
-72.954646
-64.319886
-141.233337
-116.716430
-61.878333
-130.351839
-95.086954
-143.745727
-79.588475
-270.611642
-262.863259
-116.827567
-102.638331
-134.139679
-85.591517
-95.247352
-156.084846
-15.440993
-93.512466
-124.817221
-262.181621
-71.673210
-75.826579
-113.725736
-219.373993
-110.466660
-124.356994
-85.755640
-173.111379
-157.928565
-166.422634
-99.568283
-225.816507
-72.409780
-190.255704
-191.496339
-91.070741
-141.611803
-73.289558
-119.764462
-119.143216
-76.972348
-76.861744
-68.402751
-117.071772
-62.621963
-101.263669
-200.102179
-107.883145
-277.149320
-83.690949
-115.601524
-77.895479
-51.977839
-43.523149
-158.839810
-96.927896
-80.230956
-93.449123
-91.961138
-125.172226
-59.766876
-182.571893
-83.008234
-67.126594
-73.069127
-150.801892
-94.513255
-135.482232
-67.128508
-96.751660
-67.803866
-136.878900
-105.392396
-79.933777
-61.820199
-104.835460
-79.076209
-75.433898
-106.126904
-127.880755
-81.726035
-118.161043
-140.143406
-72.002200
-51.875189
-100.389665
-131.540454
-99.450666
-210.504188
-83.745994
-146.706606
-87.700203
-81.787991
-100.577855
-141.274950
-115.166433
-51.909663
-122.920018
-80.061145
-153.616909
-146.431764
-105.697078
-128.207975
-177.094361
-161.688330
-103.890229
-86.054240
-124.799730
-461.292370
124.760951
-101.348380
-96.128685
-133.482678
-95.134189
-91.787214
-76.673380
-130.474903
-125.548709
-83.590194
-40.706899
-106.364386
-67.524941
-159.745432
-95.496654
16.106752
-92.586521
-77.866320
-92.141252
-107.705084
-50.465009
-74.640596
-141.050009
-100.800649
-247.682016
-159.178244
-81.367666
-83.167265
-106.701029
-115.573985
-207.881639
-118.660635
-100.017978
-151.918203
-87.790599
-79.179894
-79.738071
-12.083486
3.427118
-104.196339
-211.378645
-140.957235
-91.145508
-51.354892
-94.305992
-350.463054
-115.711213
-150.626216
-122.288594
-75.564418
-294.069987
-160.998266
-102.031595
-156.945013
-82.453091
-71.364324
-94.134810
-50.912053
-245.149109
-112.284347
-90.643841
-151.475560
-157.262591
-57.363966
-105.154687
-58.760186
-227.831896
-121.202041
-116.001375
-50.512930
-54.282157
-82.235197
-102.388831
-90.668564
-77.794929
-241.956189
-69.162576
-105.528237
-92.547569
-39.482952
-136.877967
-78.592110
-149.777932
-125.480644
-63.817590
-144.143289
-90.336760
-96.497581
-82.819773
-146.335572
-148.548790
-77.201141
-78.727013
-125.779911
-27.260166
-107.076277
-119.873479
-104.832674
-30.698281
-113.002028
-498.516879
-78.629500
-103.339576
-122.816088
-9.811993
-68.926583
-82.156736
-54.928613
-94.556047
-97.068046
-83.066130
-76.330474
-115.461008
-148.906902
-127.486795
-124.549762
-111.829683
-100.165525
-99.233926
-79.055620
-39.638329
-85.908724
-99.670719
-24.998600
-103.577992
-90.237691
-127.104711
-67.874431
-169.001299
-122.303625
-112.335706
-68.458659
-108.428951
-138.764029
-164.352351
-103.443140
-140.788586
-109.803578
-82.022764
-87.689349
-84.687552
-261.718908
-95.911236
-115.942337
-156.333669
-120.294034
-94.966594
-54.783761
-108.443462
-100.707539
-62.438792
-122.772009
-82.419034
-262.468794
-56.722917
-78.151213
-184.520423
-83.220574
-92.902201
-49.560324
-98.209349
-116.779589
-106.921800
-277.534204
-93.653223
-156.566436
-172.355318
5.411068
-97.737363
-99.485890
-97.301219
-89.934603
-70.065471
-101.259658
-78.649559
-77.116245
-109.101047
-60.093926
-93.017043
-96.525399
-120.118715
-162.796120
-66.142720
-89.498379
-153.721105
-121.805682
-186.244794
-135.525170
-107.715020
-39.274576
-82.815219
-200.606716
-108.300321
-121.661791
-105.095378
-154.442773
-99.489574
-70.171938
-169.989981
-46.439568
-80.035675
18.051620
-102.519338
-118.527047
-150.881498
-88.927257
-165.755699
-140.435882
-40.160791
-73.522888
-95.750203
-122.382770
-166.333926
-134.790370
-255.999358
-117.222150
-81.031629
-117.677676
-52.085874
-84.791661
-94.799870
-65.191537
-114.836515
-32.969742
-188.681441
-136.496341
-319.840216
-52.803121
-91.862871
-216.219868
-46.293100
-269.284363
-108.503299
-137.255886
-371.287927
-67.506962
-90.166314
-145.322415
-115.645541
-92.994597
-72.310230
-51.865523
-127.409576
-82.078883
-105.567914
-112.859451
-110.251531
-68.238125
-78.124686
-81.938737
-107.283925
-87.332312
-180.747758
-140.196438
-63.805503
-43.582290
-95.593383
-84.441312
-73.505154
-157.789482
-137.854922
-98.848051
-46.667292
-108.513252
-116.774951
-85.002387
-70.135424
-118.205853
-110.558082
-75.694922
-45.661527
-116.246815
-100.785041
-81.254276
-115.728392
-106.135063
-87.582904
-133.089450
-104.878811
-60.993736
-63.006610
-140.216862
-87.211972
-89.026488
-67.971358
-58.546141
-133.335389
-93.382713
-97.687359
-90.730312
-141.961502
-56.863695
-97.776057
-126.526380
-87.152403
-151.592782
-82.905293
-124.429218
-95.656598
-144.384680
-107.320167
-166.058071
-89.795816
-127.448277
-104.011567
-51.303795
-86.573051
-116.431781
-100.197677
-63.969596
-70.623376
-89.754461
-57.372982
-99.690257
-69.343567
-60.499764
-98.462915
-108.870481
-74.214060
-106.140489
-100.592033
-60.839902
-74.519344
-120.425531
-76.108162
-75.987804
-85.149407
-59.875299
-169.581227
-107.401402
-70.926453
-117.916639
-100.742607
-93.544227
-66.441884
-159.236263
-131.530138
-34.221582
-107.920471
-107.256580
-39.058653
-92.120474
-51.203065
-78.613538
-53.620590
-183.805509
-105.581977
-0.260754
-77.845202
-75.150015
-93.367653
-59.386311
-101.419935
-90.847017
-124.565818
-130.946971
-67.385517
-117.219890
-94.633147
-57.039319
-94.389249
-75.215293
-160.101362
-66.968254
-58.712418
-51.291173
-64.611671
-136.771104
-76.374054
-95.761364
-127.745901
-70.336237
-95.493698
-30.348343
-56.381543
-110.563231
-101.399443
-94.951367
-79.182912
-146.038786
-111.921336
-50.979270
-100.392837
-78.721614
-101.506266
-120.928483
-52.664018
-103.419339
-85.715698
-181.968759
-258.212836
-113.434900
-116.032593
136.271346
-87.756315
-37.539462
-75.110545
-145.927175
-67.662464
-68.772100
-200.265952
-119.305414
-110.633721
-79.995411
-40.111183
-99.892169
-90.635995
-43.483147
-135.922275
-143.187029
-88.980841
-93.145631
-85.759512
-212.823715
-90.886923
-83.575146
-89.158446
-66.966035
-72.703120
-80.863946
-77.317869
-59.716625
-121.663029
-130.921906
-107.586222
-64.602841
-78.321874
-74.707945
-94.845834
-122.149320
-97.140196
-79.035680
-117.776846
-132.836907
-90.410440
-92.215163
-77.297382
-90.345835
-78.684584
-76.211680
-64.037516
-26.455268
-70.109867
-100.159826
-74.592444
-35.018405
-124.435973
-147.582974
-118.868886
-68.277300
-108.486183
-71.141331
-101.572924
-135.672717
-75.549183
-45.239694
-76.711803
-115.526876
-89.896469
-95.624066
-136.485360
-113.152559
-99.044245
-242.794651
-93.827405
-166.309688
-99.317275
-49.580056
-48.933848
-62.515731
-142.373886
-87.436100
-142.741518
-100.585885
-96.231916
-112.402757
-92.333012
-59.122981
-86.912087
-113.928410
-89.858821
-93.767428
-99.911608
-44.173060
-64.187899
-86.580234
-105.160844
-103.726218
-69.438422
-77.068125
-94.813519
-60.172843
-116.434917
-59.498692
-106.374702
-43.659529
-86.328831
-108.348678
-80.864698
-74.872735
-134.742937
-87.020679
-128.078444
-36.864147
-67.001148
-84.174749
-72.673472
-41.552219
-174.229341
-124.985861
-71.926557
-85.068456
-168.318481
-41.236844
-116.775084
-89.771267
-84.094800
-77.592879
-51.043830
-33.952745
-73.905824
-69.957832
-132.068300
-59.827096
-74.768561
-70.966480
-114.833484
-51.581767
-60.568961
-85.301250
-128.418888
-106.926750
-129.491747
-82.021887
-55.200167
-95.041995
-70.468963
-63.584699
-79.605086
-45.452422
-107.376253
-100.901414
-102.552167
-55.431933
-123.855958
-81.568037
-107.797012
-62.857943
-65.608956
-78.590887
-34.770016
-143.769142
-50.526895
-57.471700
-64.836765
-42.469973
-66.912081
-91.411984
-69.787652
-79.679383
-74.321736
-147.649524
-18.758531
-79.402724
-114.698779
-74.308210
-122.493950
-110.179167
-100.029847
-91.100587
-153.036512
-90.347850
-92.973364
-139.002888
-58.990035
-77.835222
-92.562762
-68.025070
-111.283831
-95.811190
-56.507738
-53.386764
-63.321348
-105.328159
-94.258373
-42.604568
-107.823059
-80.478654
-78.644135
-107.430582
-83.127819
-103.107130
-160.941544
-113.799058
-72.638666
-83.033052
-62.457034
-48.049156
-64.584042
-290.715704
-72.841016
-85.826714
-25.497559
-85.367388
-54.544502
-33.919451
-81.825197
-144.613185
-130.842269
-160.759021
-88.134059
-70.108408
-108.698829
-76.277504
-67.426706
-68.104618
-68.088350
-105.857686
-57.744387
-42.130089
-68.467473
-178.525491
-55.549662
-37.403522
-92.404877
-80.077697
-109.220091
-82.198138
-88.255925
-83.068190
-86.418945
-92.563037
-120.145132
-51.691569
-119.379086
-85.492659
-100.670537
-154.941461
-79.855544
-124.414638
-51.470921
-107.450842
-89.039937
-54.450853
-71.961032
-32.843614
-100.006729
-62.901405
-64.386105
-45.213321
-78.719733
-46.685412
-74.889654
-32.663262
-103.589339
-59.869057
-69.408138
-59.352127
-66.644668
-62.833594
-119.172390
-42.554913
-99.088618
-92.950912
-148.789636
-123.932673
-34.723312
-53.080550
-100.131100
-97.531775
-115.686923
-82.721671
-95.453402
-56.378122
-68.440097
-104.922996
-118.487739
-94.787033
-78.432995
-147.156541
-139.318098
-92.860991
-51.671659
-102.474490
-48.984819
-63.732318
-121.171603
-99.888763
-76.327369
-66.839846
-56.595538
-76.813387
-70.267668
-40.009935
-102.575376
-100.681236
-58.586958
-43.075630
-0.680742
-68.384442
-83.922858
-96.628489
-62.268102
-42.508780
-68.219873
-67.592074
-51.723269
-81.641568
-87.175479
-62.539747
-55.497722
-47.327524
-86.638657
-29.394933
-68.746033
-67.063333
-81.895117
-92.768309
-48.922508
-64.206499
-43.328250
-64.404477
-51.940982
-54.702919
-31.504960
-101.499509
-18.329289
-62.528634
-36.963950
-28.474386
-58.441852
-88.159524
-47.356435
-84.170947
-83.341345
-84.256231
-82.885317
-80.221243
-9.919587
-81.915607
-114.013288
-47.361975
-65.971903
-46.404171
-99.236515
-57.571983
-73.339235
-68.534866
-48.144338
52.107858
-64.673234
-47.657706
-78.560593
-67.504091
-23.245966
-80.608018
-126.010619
-99.194041
-55.155557
-74.091840
-70.254518
-49.629184
-21.860773
-48.009691
-43.415382
-68.483024
-29.099231
-65.051340
-98.585652
-6.442163
-30.597809
-119.062337
-115.509605
-61.197165
-75.573367
-151.885267
-64.269919
-81.927736
-171.869063
-91.478468
-99.522565
-63.704427
-92.083683
-95.260668
-19.582928
-52.274854
-77.503867
-68.728006
-16.068159
-33.899351
-42.208707
-27.570566
-118.764773
-48.222434
-84.329088
-64.715788
-77.653246
-62.372575
-77.541713
-48.630762
-43.900252
-83.768403
-65.256745
-66.157056
-114.240132
-55.028497
-68.354683
-105.085338
-69.423876
-17.854919
-99.308219
-68.570117
-42.018911
-138.879327
-48.832077
-63.644902
-83.068443
-48.831212
-95.819760
-23.073934
-48.418450
-60.339862
-73.063992
-46.833672
-39.138910
-44.537879
-51.372772
-81.015972
-18.069112
-130.257274
-82.989463
-217.651158
-98.512797
-62.071034
-75.441356
-77.072802
-83.571388
-64.020108
-56.390703
-61.044659
-24.670374
-95.243938
-3.714679
-59.633463
-97.742370
-38.315175
-104.381212
-46.146697
-80.252133
-79.747658
-66.383871
-10.291906
-62.209493
8.373863
-50.911715
-49.142391
-13.897574
-23.805785
-68.160678
-4.144786
-64.450009
-21.090876
-111.429303
-23.647299
-113.509337
-37.655225
-32.781072
-50.268148
-37.916510
-57.606115
-15.653313
-24.439627
-20.648544
-6.285088
-3.655056
-15.718807
-58.259401
7.415017
-57.020187
-5.611350
-31.045004
-23.514470
-40.373222
-34.985725
-46.310823
-27.211026
-14.584822
-15.687047
-32.873359
-53.631532
-19.412722
-129.414453
-67.401925
-65.138038
-17.766310
-47.449608
-35.851442
-13.728191
-10.099331
-59.092081
-98.403410
-5.872203
-56.323081
-73.613067
-21.293807
-85.336470
11.045361
-58.072547
-20.914373
-110.276192
-39.883652
-68.819282
-19.759000
-34.723763
-52.374243
-19.285312
-57.658762
-102.716808
-274.539333
30.566451
-50.717799
-84.008835
21.710787
-25.883737
-130.885710
-52.417705
-110.900002
-73.959785
-109.678154
-8.200762
-35.652139
-17.203307
-57.901675
14.676898
-78.636301
-40.407179
-54.831400
-67.689046
-54.910472
-16.834268
-63.482856
2.961905
-27.882337
-70.170225
-14.274498
-87.021452
-34.490831
-153.522235
17.656651
-16.696693
-62.263652
0.530720
-44.834434
-66.041169
-15.641978
-64.745471
-48.143460
-37.674877
-22.168209
-21.365984
14.250387
-70.476163
-45.442906
-32.131460
-22.229732
-67.854676
38.437330
7.477623
-16.958094
-27.549910
-51.888519
-22.657372
1.294997
13.070586
13.371377
-54.507535
-23.299078
-12.352154
-26.768242
-41.338346
-86.348181
121.666528
-88.266838
-59.311246
-68.380504
29.984192
-16.330192
30.617015
-46.779865
125.968233
-47.560191
-63.691038
101.271173
-57.444128
60.119303
-28.299160
32.335298
-0.573474
-102.734066
55.416953
-27.923056
6.066701
-51.300869
-52.069340
9.230705
-21.345397
-224.956364
-201.502191
19.048474
-48.922262
17.405105
-136.151117
-44.530095
113.988461
-34.782170
10.648314
-15.315169
5.500685
9.422495
111.967363
22.886821
4.440833
100.987593
-127.715784
93.347328
53.468582
182.204886
-139.500710
23.209848
13.543671
120.625583
154.551255
-9.806419
-25.898520
123.412449
-28.578437
54.824868
64.495639
-255.778308
-14.023741
134.312180
-29.447052
109.413494
55.367178
-125.039130
94.629127
-42.069888
29.031750
131.018772
-11.399149
17.888168
76.335836
-85.170480
22.574617
-47.154095
-56.221924
-25.919742
102.099228
-7.299908
-52.131746
-33.777275
38.783662
-27.755489
15.869051
32.121906
-84.866665
59.137458
-194.413366
74.271801
-33.594283
13.391111
36.590594
-7.553167
-26.216462
7.016046
32.771807
16.357057
3.654104
-18.572186
-52.184422
19.098427
-18.853701
37.242251
-53.967805
15.620110
21.476437
55.615234
36.887841
-80.294354
-4.851007
-23.087170
-35.729135
-7.643189
-16.445582
6.638743
-44.888753
1.601584
-1.981993
26.839239
30.728272
58.808913
-251.342585
-60.022939
-42.710676
-12.721661
-0.168476
24.507198
11.763963
-14.228993
132.198650
103.021449
33.009133
-22.936190
-20.828701
13.031357
121.526315
111.883541
18.552509
-1.197271
-9.985219
18.009592
64.613890
-17.422359
122.859333
24.217761
20.340236
100.465832
-44.669128
2.468475
147.493313
45.772951
23.832766
145.859921
-7.318574
0.286568
50.852839
-5.506314
11.580525
-34.493484
20.058952
-18.557273
-0.018190
34.149049
50.418672
-25.168327
14.225880
117.537322
-8.698626
5.674641
-16.203889
16.204145
0.364653
38.798251
41.887765
-32.612539
48.319119
24.955134
86.790111
17.542257
143.085886
154.806285
107.843993
-8.354867
-11.092921
-98.253382
-84.519320
22.646078
64.984331
-48.901213
-10.782046
2.841169
113.528222
47.598397
-271.585867
-23.051754
121.521796
-153.613302
9.322389
0.160974
15.453211
24.273350
19.044463
18.853709
-13.939463
15.561614
-10.983632
13.470455
72.115822
42.883429
13.935492
-29.841406
-210.754130
128.757200
-3.813936
-27.670032
27.351416
-43.172597
3.004930
133.019194
-17.325732
46.554616
54.068585
91.649585
15.826783
-23.437779
129.248966
-27.334102
-21.898147
-14.002327
36.589138
25.915975
84.213712
107.180828
88.249220
-21.309736
24.114400
118.670643
39.641854
7.971106
89.183940
117.167544
-19.605207
87.435209
77.030056
107.438492
84.272188
93.097253
22.484383
-1.842367
2.933288
125.631687
-28.403938
-4.647792
14.067727
80.541762
41.059071
-6.659061
-147.075674
-26.476724
125.300827
25.532772
77.443689
51.718597
-84.981647
0.405643
131.924935
80.836347
144.140197
112.351850
121.849787
32.560332
37.797040
97.350165
132.707205
94.480642
118.704247
120.465470
136.480289
69.840075
104.856598
128.641193
90.009211
-81.874793
76.380525
32.016674
118.016020
-28.276268
87.269939
30.959696
114.492859
113.688481
54.052711
78.843634
-128.918025
-28.947756
7.062542
-280.952744
-131.641633
-53.839688
52.856937
-24.575611
-142.394455
-16.160370
27.765229
-17.617586
66.574589
-54.377349
3.988634
26.540834
0.827966
133.374467
11.794110
123.246265
118.761707
25.601734
-127.932602
112.906333
12.410007
42.433577
117.913929
34.980900
130.345633
86.672057
56.844609
-168.514100
-14.597294
93.827897
104.618150
29.724445
87.972899
30.472639
-21.729007
-126.963818
-41.324322
57.583663
-21.789897
67.178235
34.098530
87.123918
99.525265
41.612846
14.334495
107.072974
-59.229488
-163.255824
2.545320
-7.237308
10.693078
73.828280
40.707895
-10.082836
36.643944
130.551761
-67.277896
-141.773834
46.590334
70.722865
-30.014193
-75.993353
86.606137
-150.423287
82.572266
-32.282815
55.950065
97.304428
140.262851
-73.908760
135.246147
88.957239
117.042709
109.466719
-18.724139
87.067389
102.228231
69.716919
86.950002
73.734955
-52.568147
16.591575
122.455055
99.888468
24.886776
-10.508260
70.099002
-10.243193
87.368737
66.667339
-93.856032
4.567017
74.988084
-29.292138
147.307516
70.492223
21.702378
113.650379
31.040052
64.443003
47.021163
141.381590
-72.055657
153.535530
129.199467
15.202056
50.147780
102.356918
109.700687
129.535921
39.586605
123.488730
44.871510
76.154441
81.484742
123.238032
37.781522
148.288130
26.385392
121.742681
-36.279347
99.413150
123.790629
126.720886
116.899425
30.029306
106.313910
151.755978
-25.551865
105.881133
103.107029
128.194874
35.738573
142.268375
-52.165641
114.041454
66.220584
85.958465
138.993309
17.144347
133.509598
29.333204
118.230444
131.938323
44.231817
63.834486
85.233011
114.378314
100.253097
121.729093
102.142534
41.008806
36.749196
166.255338
136.103521
28.674964
99.657644
-28.724710
45.124085
134.728976
46.909566
119.934780
91.678431
82.232659
147.762545
166.783381
118.723744
121.477834
130.014170
106.537011
94.046944
39.310587
-1.201188
-4.182631
66.750745
155.888154
102.734520
104.186174
-164.815225
102.448428
95.012027
-48.468406
31.143642
42.390877
78.612365
169.800427
105.098875
58.729126
115.629099
100.337784
107.925814
122.802439
108.628692
131.326905
173.533504
27.222949
107.056407
20.754128
77.636800
48.726960
7.479792
96.744133
-222.516391
54.376402
48.598480
-36.025601
-389.766105
88.163865
-17.632245
-203.046586
160.213440
-5.776470
140.719037
2.024891
131.142383
137.852322
130.150602
43.343133
117.231410
47.451377
118.578275
-4.487549
132.838311
137.752281
45.613480
0.445368
7.630601
-37.939774
134.354996
31.626620
37.434553
110.053403
69.046083
47.661821
-3.233369
108.041786
74.911161
102.771024
-10.938601
75.821231
119.611854
-0.167370
12.820909
102.512407
-15.344238
-4.739708
40.616667
-77.963095
62.328911
-186.092949
103.023999
-57.034714
54.657146
55.961861
97.079252
-41.352291
-57.991797
75.345033
102.365978
127.852331
132.064162
107.311904
51.366054
27.814511
62.586004
-74.369019
110.901223
100.658760
-52.373930
11.696972
148.190295
116.889046
-17.984267
17.435224
89.955447
-131.918978
154.074012
-219.925875
92.002364
133.126054
99.045361
77.349091
126.559148
128.961563
140.224863
79.858289
102.955599
112.236573
-149.799498
5.317507
132.160468
76.397613
8.695894
118.994251
51.727089
21.989888
129.231849
93.526627
104.799032
87.342751
-40.517490
69.107384
-16.828324
107.705698
89.332020
10.086082
45.607890
83.966232
15.657256
67.143349
34.134818
1.688295
41.794669
113.759695
68.011703
-7.346376
-15.765402
66.013603
86.409339
-1.856023
-5.108205
31.890024
-198.777243
89.514821
-11.918812
78.673294
22.137500
90.544818
33.983028
113.133599
-16.503419
88.450672
-251.401913
18.120031
103.905938
-12.463291
54.120414
124.000274
97.270132
102.369956
63.579871
70.857198
-17.975275
97.519770
108.401360
-39.482477
95.895519
86.901689
131.768066
93.274721
124.698774
92.700000
68.726608
111.931743
71.845835
126.091156
101.156952
111.846390
52.631145
123.041251
120.882920
115.537778
103.531871
94.165382
113.808181
120.047846
88.800789
104.652428
124.373732
119.266775
102.716308
76.129328
122.248687
112.529830
111.472341
124.369047
94.885351
97.714198
116.802422
139.881560
110.767282
54.527959
46.465883
114.478654
-6.000916
109.822540
109.586003
140.905763
129.711204
123.945690
138.077425
121.638740
41.894049
29.473249
126.532851
131.390150
133.388114
36.170976
18.572045
83.335489
70.622458
137.271076
83.362567
104.170339
118.272813
131.919845
72.544601
112.854640
32.993660
91.771624
57.492061
98.468730
93.962854
119.357250
121.289962
103.079384
88.464085
131.816927
94.062937
117.361340
98.652091
114.888655
93.690097
89.984692
5.003849
111.545165
90.329000
138.123193
47.956860
140.539682
99.821218
100.272372
138.003640
133.927644
112.682483
90.207227
87.001734
24.492276
126.048500
64.176739
144.217939
121.227474
135.271882
142.912052
128.456621
63.168161
80.680748
112.309036
70.138670
113.424436
98.307460
134.104794
129.857633
75.425020
90.592033
87.155972
132.003164
-48.488334
50.066796
104.900962
99.968860
119.683954
69.089872
84.477051
-197.343468
60.301166
153.885706
61.201827
47.378206
134.580849
92.092600
109.035885
117.305920
128.289040
100.896602
55.502192
74.071646
60.945646
82.214759
114.311878
121.655997
76.068788
106.501923
97.467621
125.149604
86.615053
130.122192
84.172945
34.221453
114.974668
94.437243
39.035359
14.676254
111.242236
80.184287
113.574132
78.917657
103.328700
106.358029
118.019393
-21.744057
91.964568
76.179878
-25.018615
125.666329
38.742129
118.242636
107.014012
128.601962
119.754753
75.608928
91.889760
103.093303
133.138150
25.140305
92.346714
109.632021
127.479438
106.124575
114.826579
59.613179
129.647263
124.530266
127.777877
124.886409
1.422531
126.513626
142.594144
110.383522
87.901751
140.653131
110.384469
20.636685
62.878034
94.242292
160.240665
93.307863
111.707823
4.381033
126.939202
-0.693926
-11.875088
145.992695
-172.451663
147.537368
137.734884
110.787337
40.096830
111.988770
99.590859
84.861893
-243.464942
105.299501
154.515129
106.312336
113.806964
-30.250848
13.320402
152.199940
68.511456
172.253068
95.735086
95.654316
86.614272
85.841375
114.511646
105.804076
143.481918
22.240099
108.513283
52.645660
22.212825
123.121027
87.962043
122.085709
102.605271
-135.954800
87.806780
37.397235
119.226704
74.268947
119.749877
11.250705
78.303112
51.565409
41.255985
97.289906
97.296677
106.858676
166.202408
112.239040
-117.056755
88.472078
77.457823
61.478279
123.363991
114.152520
133.103624
150.366230
135.800918
99.667209
-10.794356
80.932061
137.240965
64.133919
125.663484
124.121015
93.391632
138.133465
131.715791
89.095683
99.108267
64.115480
125.493779
64.956897
74.943750
-327.781322
102.148554
87.102416
93.684493
78.152994
124.313966
122.875810
116.442785
142.964035
90.155703
118.900464
127.031332
117.485119
133.617537
133.154159
96.584100
70.255151
79.737534
145.369002
137.862740
125.909906
85.652866
115.404713
74.952535
102.303400
92.406736
161.954776
132.741126
94.779133
156.318913
120.814324
106.879276
99.286166
119.073485
108.091781
103.851323
153.710458
123.540283
11.161941
96.427834
109.125692
88.523927
139.094003
82.796752
100.134427
99.141659
127.838291
153.154159
96.254515
111.930123
162.668278
88.035055
124.829284
78.429959
108.215826
106.514524
115.213594
151.012511
132.495375
85.883372
76.806175
126.733261
87.453851
78.480376
32.478391
95.405265
34.704998
100.125173
99.406746
80.140345
145.948781
85.927608
129.756549
150.824840
130.588018
102.738971
5.980377
134.346767
107.026054
119.700519
116.243254
107.627409
-9.394069
49.784878
13.342720
146.585365
56.838559
93.644677
116.918763
17.036264
134.160021
57.986370
104.263223
92.929318
140.179641
82.976250
103.499156
29.389190
125.402708
122.619512
72.881985
97.701813
108.391846
37.707424
125.865786
71.369493
139.456985
137.843589
120.606518
153.484099
103.456126
74.813087
115.736694
109.109302
12.600249
86.550127
115.169211
92.048447
131.662369
128.863662
132.540282
131.398899
104.070600
134.917440
77.088809
138.687719
148.758408
104.629143
-14.273243
134.627487
10.944378
-136.242117
41.675034
124.370749
103.538063
116.003945
98.181540
121.987611
114.022179
114.011486
152.057810
31.183647
127.989200
111.990334
147.739124
116.179454
99.585910
111.964165
136.981975
94.518628
103.536959
117.229629
163.642491
83.821087
39.579197
96.148754
137.141772
117.298629
126.417970
153.822434
95.854825
89.967084
114.106986
52.497434
43.528615
130.061751
124.876105
130.064134
130.899018
108.656629
103.898485
120.569704
103.147173
118.634605
99.224903
119.946301
0.149460
119.722607
84.755621
141.366949
133.917181
98.907389
117.753570
166.268724
141.026418
148.475248
133.188020
145.662137
99.571522
105.127254
179.837883
75.287637
119.759812
101.932572
126.480141
118.290879
155.970110
95.278178
97.872381
80.249514
136.013362
110.854366
142.753825
113.265073
119.369404
99.976177
73.457522
123.529955
182.241234
116.270971
129.698661
94.096755
144.704048
152.651410
113.116165
138.202011
113.921504
129.569643
77.333256
95.439121
148.034294
18.603235
87.400671
151.989392
56.639953
133.783779
90.529041
13.363105
149.183109
95.568156
104.602914
138.323322
105.983429
57.056814
108.455423
74.661225
91.486109
133.685085
145.873186
106.480183
25.539456
51.586858
87.285790
102.123855
123.865049
75.789912
122.319283
71.101703
125.781755
132.295099
93.385563
94.371422
53.026385
125.698884
52.110091
112.115053
64.212496
103.684535
85.922899
64.807823
58.492370
55.233780
88.243581
97.838037
63.876945
109.104232
152.595972
83.887684
132.108468
85.800565
121.234586
39.152761
83.779844
98.148954
110.709865
112.971784
68.558330
90.243542
88.959859
88.299442
95.477750
112.650188
111.189647
125.301136
145.597274
101.974807
150.683594
138.250615
68.435546
44.859876
113.838667
114.407477
114.786740
66.042649
128.514036
111.856741
130.990125
140.479027
114.843649
119.288464
153.156188
111.826032
118.243630
121.759562
105.200053
98.735240
149.817341
64.973031
61.549867
101.044445
148.610415
108.113573
125.610700
147.679913
91.840207
131.469810
32.600602
124.502348
152.050465
141.877209
165.605709
48.925954
107.101264
108.737290
130.243645
125.736884
161.636064
125.064849
55.264765
96.581076
125.238150
68.264522
111.716369
54.635098
84.122977
49.212132
112.175858
95.399344
125.713729
121.089099
88.783762
53.165877
-51.645938
109.519399
59.764118
30.009001
88.670693
55.119764
124.956128
166.164636
94.275739
91.468062
149.578549
159.899084
100.133767
102.586583
115.269842
116.818825
123.703136
119.870942
109.019490
86.940990
178.030519
130.688267
108.673824
138.948536
151.844569
148.882215
49.084491
107.516477
60.241047
137.157444
71.386573
115.203944
32.051952
89.700282
132.345151
169.167563
35.505330
94.822435
151.762692
142.191633
136.302028
118.228261
40.650994
49.657312
34.266778
112.233985
53.324762
-13.672407
13.299570
23.315641
17.540273
96.343392
97.953029
148.617204
95.689759
-9.795130
12.077270
152.674373
147.893517
120.268818
1.904388
12.629558
127.745719
41.923013
109.989502
135.536181
108.004858
118.118655
125.496106
164.514024
160.122612
142.220527
118.895483
93.456876
147.298307
44.698356
139.174899
90.168664
85.775375
91.327525
116.011285
-20.048507
146.535596
81.705232
167.540449
139.479576
118.272881
70.597713
155.909349
119.828606
-35.983624
124.501966
137.974569
26.335858
86.655550
75.536305
173.155561
143.568344
104.121469
92.865488
142.387405
153.785380
79.606153
96.287314
118.064452
93.515273
110.383254
130.807735
46.447293
132.355713
72.860234
79.146402
89.645875
119.486912
-7.883242
31.776207
153.612851
118.708951
81.781676
130.960768
91.133122
128.017574
72.897410
128.191166
93.726474
13.619772
106.098159
128.803912
123.259436
132.629126
120.948482
109.241523
144.355582
150.295048
128.817972
132.618161
90.016498
109.647813
130.247962
-6.958716
108.325476
129.635294
129.933303
66.371551
108.672242
83.104784
98.109026
119.692602
77.685064
167.554083
142.924385
95.980421
103.562512
139.358167
118.522220
148.568803
22.917585
98.559286
92.545600
113.790912
157.277879
97.560864
113.171305
120.569883
134.364546
107.136614
120.781531
109.166963
98.066633
108.317368
136.909853
109.389066
98.395496
152.247292
119.101373
109.606192
140.780932
157.111761
119.533943
154.307058
29.672754
33.143965
160.620674
125.593433
129.056198
136.222852
98.304270
104.470402
96.023850
119.821381
142.143809
44.930689
124.310237
155.928086
97.323846
57.897200
64.063251
105.316132
127.369068
87.241284
128.018248
122.699789
63.219960
107.599706
156.373019
110.086755
132.668395
110.361676
53.668130
83.968575
46.149994
86.808149
81.092653
91.055132
136.810282
71.002948
73.301837
101.626513
99.405195
136.267161
109.693813
93.473927
61.201260
143.336029
111.158365
133.233101
108.310123
120.793895
133.143135
135.786426
149.948385
116.508293
134.426638
89.421645
91.109193
29.707609
54.385297
158.653235
133.443500
140.144406
40.712604
56.431373
132.519104
161.664277
110.070153
109.941297
121.402015
123.739003
122.526870
128.559896
99.801711
119.325664
121.175429
119.509476
176.232759
122.641824
141.172589
96.518731
102.171121
138.904615
84.980064
86.902611
110.372248
101.423117
135.795770
140.178744
130.953065
143.042914
91.882550
137.794531
107.832023
131.998969
130.411904
100.832337
116.390589
130.525519
83.085225
123.035416
96.870923
36.292802
66.888187
92.765221
101.646432
93.454754
91.411965
128.760517
74.027299
158.935320
119.115896
80.926280
121.905881
16.076030
96.703291
81.928611
176.972445
103.669634
74.710088
87.718115
116.299049
131.273946
50.953152
85.418604
81.713237
93.223865
81.020254
39.849031
81.063503
58.227216
61.272627
-13.370235
66.780095
84.306004
55.875166
63.951075
134.249145
73.888569
84.138773
114.979401
12.271925
106.892325
4.308856
112.841143
113.755113
68.413675
129.597128
108.681768
135.420421
92.813013
98.454312
93.717979
118.694539
129.632845
139.525611
119.945321
95.165463
113.197220
132.886246
93.301351
91.160403
126.966148
117.244227
103.982024
122.976660
50.257713
71.639609
89.373634
129.037978
103.384018
119.304682
108.822107
97.328666
110.303262
139.662756
-2.252826
104.241865
102.069251
80.666365
126.978074
122.324817
127.186683
93.816305
93.619159
93.914214
134.439625
48.133073
97.994900
120.991693
90.602206
103.008755
125.901035
67.326413
77.557019
104.279223
153.125201
133.990692
72.785263
81.702496
115.284533
154.762373
121.260278
56.808337
99.055845
171.259362
72.725706
117.846920
126.483396
110.211663
141.630220
93.568233
84.125241
121.182845
46.635596
82.127289
-2.814328
38.114854
115.193743
107.719047
120.493181
145.691628
140.435434
130.770430
110.426443
116.399049
106.681969
144.431219
74.908599
94.561252
115.622151
93.999067
100.659027
84.134391
126.456458
122.953114
130.446207
94.226201
122.818027
132.497256
145.221697
80.893502
93.343214
114.989502
92.969949
103.489621
98.564832
85.528041
101.376451
106.324822
-189.830933
85.588678
94.968712
135.280020
74.568895
86.885552
135.074298
115.818985
75.347116
89.677943
130.383733
86.424391
72.914538
114.133602
100.412721
84.796825
106.791042
123.823974
100.615872
74.019640
72.305411
122.357008
111.872498
129.530941
118.194617
75.629994
115.152991
113.510970
84.942785
56.151913
112.545461
130.717824
93.614206
152.912339
121.486606
114.863882
116.300298
134.264173
92.310103
134.286673
69.845975
93.378856
103.029420
128.284313
85.536561
125.613033
80.999874
115.882510
140.223188
110.563668
133.322369
107.631589
117.715664
93.533777
73.835538
132.643167
137.318066
113.825207
124.489223
68.900073
74.818712
107.548047
131.545956
116.185428
97.136853
81.330669
98.650827
93.187630
107.050495
111.282384
104.660929
112.053115
121.052979
102.067264
122.584575
102.776919
125.278481
84.803615
83.223896
138.045283
126.771415
125.060375
76.222598
104.253695
138.905136
82.492217
149.033099
127.083496
126.623123
128.492218
140.256172
118.470877
103.901237
116.293792
137.646561
116.688157
74.533297
84.326296
152.833525
81.068303
105.693421
133.603000
125.824852
109.637219
96.630414
106.059955
105.487653
93.534852
86.641688
100.306671
108.998548
124.219100
163.821310
129.583384
89.621959
125.528827
117.668772
87.911713
125.281924
130.886445
112.668634
129.021585
102.849138
101.440774
116.473109
160.358047
147.706279
125.327527
97.291362
120.690346
123.630547
117.454635
120.998715
110.645958
116.254445
105.169948
124.313450
71.068743
114.494644
133.386643
97.800987
104.503245
118.167515
111.992744
135.123813
127.914814
146.474717
126.690298
138.523423
116.421885
141.002454
158.558778
143.976376
105.560267
138.366006
109.851666
111.639045
67.679952
53.146261
133.488816
133.999037
123.426338
112.704234
133.838281
113.553335
103.347291
106.187214
130.322792
113.872998
86.835278
105.884323
85.855581
125.261352
59.051734
188.479492
105.934026
108.671734
125.364570
160.004836
93.026953
89.048444
97.941555
153.310470
76.368940
173.100171
81.888238
87.240009
119.909018
100.185609
121.310197
151.747016
112.736566
153.783642
115.863967
96.455161
140.961275
144.833008
118.148873
117.110760
155.272291
137.901518
165.671217
79.381959
114.042273
30.366549
109.636731
182.989698
133.602541
142.724681
114.259229
131.425900
132.768222
140.981786
131.329663
109.183426
-25.429725
87.406589
148.579579
134.097966
152.017607
93.168227
114.094710
13.407316
135.953704
137.768787
116.529181
97.017855
137.042498
142.305923
118.412317
154.572706
102.645976
81.825218
147.158119
115.433486
155.655232
107.860401
108.567621
130.863047
122.989190
146.341794
153.490898
136.179490
157.251862
121.910063
156.538960
117.214145
130.181452
176.397154
131.442634
136.900278
167.054094
132.631440
15.752665
131.497017
106.188799
72.141584
133.843516
141.684594
109.717843
53.952986
25.006233
141.029494
127.727341
120.612275
121.381817
113.175420
80.578822
102.096961
92.400560
103.547334
126.502359
167.108005
117.260130
71.011156
142.870106
121.088971
120.130705
134.661788
79.188662
143.222922
152.702852
119.039822
124.114367
119.492406
157.975495
94.635962
96.711749
152.452245
140.571007
128.630730
140.787714
83.498233
96.075868
154.288540
65.641835
121.820766
156.810595
132.900056
83.376542
147.597640
98.879796
109.833187
120.214096
132.202224
155.009833
129.862500
181.810590
112.441972
122.647047
166.441111
108.558264
160.029325
146.899504
106.080040
155.633032
53.782798
171.577788
79.961166
128.518365
111.883023
99.192914
147.154594
109.060278
148.030974
149.186288
99.250142
123.728071
128.507529
142.225802
138.537736
179.976468
100.224482
124.419198
178.363501
103.196528
137.123901
128.320561
156.039521
96.394849
141.467719
137.943291
150.094895
162.597883
126.896003
99.174205
173.967286
114.136260
67.765451
123.785130
139.507995
95.942640
87.978121
110.487069
141.302267
158.277994
140.854502
150.442985
125.472574
106.784521
55.208340
91.982342
140.144092
150.381376
98.135210
50.321053
130.570922
151.489976
124.748982
112.087853
137.556899
130.900642
113.043746
145.820330
138.905378
139.017132
125.537246
129.608592
149.655227
104.755881
102.791869
88.429224
81.838728
112.403485
123.750837
161.202396
118.469867
85.031672
144.917249
100.520472
182.478329
111.492691
153.514190
111.010071
125.389819
125.410591
98.579342
149.303958
70.780589
143.026046
97.031861
43.099687
99.820660
121.249730
99.772501
144.179295
146.798545
64.592007
120.346852
92.557791
140.273398
137.700917
136.075447
164.539247
108.840453
108.150377
122.435979
125.656518
88.316725
88.916629
105.466488
142.370535
144.017479
113.292225
158.385139
151.326843
83.469864
120.759385
134.067152
96.889585
116.439550
121.136449
113.476928
158.053880
131.929872
129.471363
86.969189
119.014301
143.762540
132.121586
125.788473
108.527947
70.809314
116.596763
88.739953
144.800783
118.495195
128.247996
138.994760
-15.722884
64.743229
103.139620
112.428114
141.676202
87.926856
100.688413
78.115946
164.205232
128.212368
99.572810
119.921871
119.680068
137.127157
130.252935
129.396585
123.882936
41.844901
114.614783
162.355857
125.760692
123.299978
99.572197
110.129607
107.234832
110.469478
120.330011
128.960147
125.842135
113.147250
126.951376
127.676387
107.078944
107.813681
35.141104
134.383170
112.433370
98.465813
107.206300
103.451737
146.375223
126.164993
59.123965
109.888027
116.272664
135.927429
84.802280
145.119761
122.472241
124.432710
138.086998
148.912970
115.481798
126.530010
51.047528
131.801498
114.937934
159.294150
67.979160
146.344434
124.871888
98.486439
64.410913
64.662433
115.582373
140.141338
139.106421
128.673667
86.763939
74.408382
115.664842
164.521625
146.863339
135.862365
104.193910
100.854797
118.022228
101.789207
120.160822
92.140701
93.633937
76.881182
116.586876
21.030103
151.868311
152.515139
85.938193
86.151077
124.044733
104.671978
62.086131
144.252004
-14.577521
105.093513
147.824170
106.568286
24.806914
104.843388
116.032804
98.564609
136.482861
14.892885
121.099401
158.184072
147.585122
124.762878
119.362871
161.002317
120.270847
79.109040
163.627329
35.444829
112.854183
9.380794
171.481529
135.058906
102.513093
29.918247
96.709478
99.176716
124.563529
105.510163
-58.888008
153.861645
136.599838
124.986172
99.043033
138.493898
118.238539
132.080205
102.930662
118.424963
134.789727
126.098089
136.584658
167.157987
135.664667
141.325492
176.299878
128.939816
132.708955
134.199114
138.284163
119.548642
65.227462
128.490015
91.191588
93.991251
123.998498
124.004915
154.172344
135.036351
110.336921
123.000043
129.703921
109.754799
115.198855
182.070969
163.335608
117.419712
130.905484
140.753385
144.375338
173.483582
157.106428
122.934544
26.734696
162.379191
99.559880
91.672837
118.825100
115.768060
146.168267
178.841739
145.126160
175.094189
108.346701
140.784565
155.254644
137.330060
153.348372
126.577653
19.380059
134.305333
153.870980
67.005392
126.979918
68.923470
100.707489
165.187466
60.541603
131.759135
113.862200
147.094766
147.357870
91.050411
126.481794
81.120773
107.205561
56.854208
87.234072
120.840127
107.662492
121.403654
99.256561
134.333945
128.288458
112.459982
107.093853
91.679053
109.432617
83.349686
63.465117
114.073383
95.720618
86.532274
130.477348
78.342198
112.744985
96.220343
94.494562
135.934107
111.770217
132.509427
141.175533
96.049500
90.373696
-343.153800
92.097671
129.383051
95.904347
139.097423
145.007697
129.346828
110.605260
115.254416
87.815772
112.262500
39.761730
133.405635
115.789607
86.046843
141.454779
163.755269
98.725662
90.471414
123.146007
106.989509
112.564854
120.111107
114.590792
140.166270
123.142126
95.689685
129.338504
145.792110
167.723951
116.060756
168.201310
102.310872
52.460769
96.554650
82.555613
121.477083
152.353388
102.868978
145.554615
65.612944
80.175540
89.297164
130.640106
129.859231
117.590619
107.299243
112.800672
115.317841
103.270357
81.422344
103.538393
60.824827
74.386620
91.930163
85.899735
141.870733
129.991397
98.746087
130.404061
117.452843
79.559628
115.779597
56.889859
89.548238
93.869672
73.418899
2.523834
94.554722
37.590640
151.230606
110.582130
88.382526
121.346023
114.933200
100.291566
91.913385
108.148606
82.774574
80.785640
83.470687
111.979251
97.596465
23.401204
147.073939
117.535081
112.531215
134.186779
61.776480
26.146049
126.255739
107.692076
87.760999
110.451173
102.488804
122.801174
109.705913
73.729001
81.722142
48.572340
59.058275
103.510673
128.454135
-197.969139
142.095109
134.315189
131.737710
9.588002
147.333852
152.485522
95.695592
145.456066
88.765671
96.236597
110.051777
148.338594
151.971018
81.644529
143.911426
141.368594
132.061046
102.105424
147.648902
125.197760
89.504842
160.656596
116.953198
119.095027
141.774257
76.523409
123.089229
-12.031683
193.127288
138.126887
163.861808
149.741580
137.983649
-25.396929
179.403152
65.059631
68.479818
69.876290
138.288189
159.768267
64.417098
93.021651
99.120319
83.542266
119.437564
103.827938
93.409942
42.723833
174.452035
119.146954
134.657667
118.316087
104.146309
35.996254
162.350000
74.419416
127.398594
41.779644
175.751646
137.620972
152.768327
116.241187
90.504920
144.904870
101.202925
110.658657
49.272477
156.428785
114.305492
161.296109
69.188062
88.456115
136.307290
166.312343
170.096328
130.175881
131.732202
187.226521
157.497005
180.264003
127.435184
34.715319
97.758228
117.268878
128.447511
144.858483
136.383570
82.949746
116.862498
40.286448
79.524350
131.099028
127.509899
153.997989
155.681177
142.772573
148.273195
109.597393
71.030163
120.798671
127.712058
93.728182
149.517881
139.483893
82.731356
111.300260
131.764036
125.042752
89.781956
146.723498
123.712803
106.080168
120.110745
129.766379
92.409823
127.835742
116.742774
137.353596
91.989761
148.064112
108.607144
148.188233
103.528903
81.417398
88.350560
116.465369
120.891844
150.932665
147.022059
118.954475
77.440423
129.695506
153.250623
117.991693
117.071151
126.503904
99.448854
118.155640
111.421427
119.760741
115.087549
129.205775
119.855173
77.221781
104.058069
154.101526
148.858118
118.538304
131.493488
157.390138
152.613133
131.034869
144.747855
119.851617
145.497299
122.889920
129.076629
99.778905
119.929792
91.587894
89.112431
102.950506
94.741816
118.111493
69.023142
92.441856
122.293584
105.050627
65.613120
118.236816
102.999751
127.267498
125.204581
136.804004
117.089290
103.613832
138.772060
96.145262
119.013290
151.136512
129.800343
127.705132
134.354962
118.971616
95.647225
60.555000
133.659772
157.144915
129.084321
137.653694
123.353001
93.291693
161.500843
84.307251
127.117617
126.318652
144.652840
124.932187
128.009156
105.262773
136.026297
94.577860
105.587021
87.364958
108.368323
137.105203
130.952945
133.538483
136.927541
89.956642
150.084549
72.334251
115.435685
120.432117
92.131993
136.935273
80.738345
134.608267
133.605864
142.570957
118.628845
151.182683
146.755993
142.784138
121.280239
149.131040
125.192658
123.548810
117.217289
130.703820
91.199676
133.342890
135.060650
112.086932
117.652644
137.090670
166.265150
154.942194
99.266762
138.480198
141.571142
106.859136
138.754494
128.785479
158.174365
60.233276
133.501537
165.115701
163.466126
133.721071
136.108075
95.479924
110.345222
141.534037
117.279425
121.077723
122.580583
143.493201
106.605649
134.154601
124.233481
120.827043
81.822649
81.482059
71.023328
36.125394
86.215693
32.738919
99.396706
86.196047
77.075149
161.149167
125.660285
106.101422
180.587444
112.469096
42.319069
74.329708
150.054604
93.684002
100.453499
23.667872
-12.808207
-15.615088
99.306196
118.501990
104.252749
100.895862
139.763151
69.164527
-15.622000
178.448594
101.243246
40.144854
103.591471
161.472820
146.985292
129.633812
130.872280
118.486591
144.683314
125.567025
166.516301
138.794190
129.273555
90.352928
121.681915
141.654658
138.075376
127.366516
130.230925
144.402299
135.432784
129.598173
97.031934
122.991900
126.176233
151.095851
123.490770
153.195005
36.381403
125.084822
111.631742
139.127864
159.375798
136.087655
125.151854
119.435492
-23.333522
134.235257
165.926426
132.648319
129.369232
126.469071
34.994886
123.347649
17.788226
141.108182
23.314518
173.348515
-44.210637
131.701145
150.238576
161.204212
107.507706
-36.711549
116.632888
141.699090
150.539664
169.879112
165.392327
171.729516
134.988720
132.070607
140.368304
149.663194
164.105254
131.441207
116.749370
159.346090
118.770750
90.713565
105.084978
109.631027
113.560892
144.464603
136.324847
158.640870
102.916148
103.299750
86.160170
68.649308
98.436934
61.482919
114.695060
123.689858
164.025866
147.525877
129.766884
143.136085
162.059358
86.566398
97.064012
119.346367
142.954231
131.305335
139.812378
92.879072
97.795014
20.633615
122.963056
102.857673
109.059257
165.152483
125.042633
159.817011
139.357316
114.846202
135.504248
167.515759
114.521422
172.982460
174.303005
136.911349
129.569037
117.372328
118.768625
143.287870
139.161161
154.645490
112.828224
78.099170
119.351922
69.370004
121.388144
113.384807
142.632045
93.753955
109.992773
137.256243
85.417336
33.609497
97.260925
155.081105
81.958292
167.023977
143.685557
77.746286
140.142907
94.461587
98.348690
125.730289
79.210089
132.966431
136.167063
174.937724
118.133665
134.799099
135.461254
129.113504
133.444136
116.700157
143.709275
104.042449
140.941010
159.032506
95.109745
109.802829
94.315979
117.187900
102.893396
153.493177
173.640957
96.088786
125.044967
147.524037
162.717373
77.658258
123.450097
154.093673
163.896218
98.271389
128.016944
110.392426
126.813176
143.491428
100.089639
142.603746
137.950918
111.800320
171.748369
136.826292
101.949524
121.308796
107.035763
127.289362
141.167631
104.856535
50.737112
70.533393
97.632338
82.964191
173.632504
68.382268
137.672933
76.044133
104.339719
117.106928
147.438859
143.099237
144.911419
143.978570
121.090549
103.643470
94.521228
114.964856
150.986648
116.805301
123.676260
140.511823
108.683641
155.881322
95.819603
119.664080
89.069031
106.327456
169.867067
131.717227
85.114510
136.646417
103.004278
87.723808
127.227957
125.667902
130.038994
89.784947
128.787328
80.547005
136.997057
94.590782
64.130559
106.731233
125.368479
111.636353
80.768765
49.918572
151.683664
83.997239
142.122454
146.242785
128.664071
112.172640
141.126313
100.198317
141.640918
119.512877
128.186078
106.680665
106.216629
67.261161
85.509584
36.126449
89.910048
114.048343
131.438852
125.545074
97.184247
70.073366
89.527733
115.916208
113.152344
112.351562
89.207816
136.950152
108.086046
91.510233
148.793561
81.862732
122.868578
93.960823
103.388333
79.783268
119.127646
107.980798
141.720125
105.507764
116.574524
96.969182
91.752122
139.065151
90.034721
111.557303
74.069465
143.998136
84.832556
97.839936
121.364979
117.413429
143.013390
123.115457
85.435684
140.892868
37.887664
106.557121
137.993832
85.561976
-143.023988
126.453868
104.501690
135.713078
105.978142
57.957289
45.909238
133.276900
166.315701
112.506229
89.812648
102.182119
125.620623
83.627685
141.380240
139.597732
133.357130
145.380041
94.879252
113.556271
126.928914
130.065585
97.022150
109.238659
117.971039
140.410682
153.533720
139.181890
126.167555
66.642699
110.808572
131.521765
150.484736
127.302943
57.439555
82.134355
152.533334
128.583828
118.819510
128.298270
128.309680
78.479775
120.061894
123.550164
101.069627
111.635319
126.873299
94.028453
128.177902
109.074391
137.195169
125.617093
62.512133
82.396186
156.127124
87.631518
151.868903
132.076351
124.605370
146.276077
125.671365
169.643457
160.269119
136.536853
113.962207
151.498675
99.592167
162.465327
171.152140
136.373170
136.058917
127.473026
145.037778
115.576969
130.738071
149.863678
138.839407
93.687329
137.920462
139.218201
120.681798
159.341662
167.815690
158.878057
95.507717
128.936996
149.816578
143.408384
125.976789
110.756313
133.564694
193.205876
130.857397
100.147804
144.434842
117.537624
77.983325
140.976105
113.222224
190.406149
92.973129
186.975910
127.427553
134.573592
100.539575
138.671586
112.836044
120.438595
138.434458
112.855730
101.184857
114.071196
59.358351
136.277617
69.770711
87.625423
103.088086
89.545194
128.927164
160.866599
96.584558
118.158080
144.784529
95.341253
100.724547
113.452758
77.690029
101.725352
93.655352
125.680625
80.375005
114.074583
46.642510
115.870784
99.356534
64.563667
110.293328
90.722654
97.261790
153.976411
74.730480
138.891930
124.079094
104.051691
157.453200
68.349587
131.506205
134.052761
110.013457
104.947926
110.698649
120.195345
109.295199
93.805852
126.397888
119.328978
114.854631
103.160130
123.925165
103.267505
131.240427
112.906699
128.738522
116.073802
87.735917
124.815392
134.087820
149.570232
127.440682
85.011334
126.648905
136.140765
110.963211
141.317125
121.356750
138.800984
146.427494
73.121003
119.486243
121.122091
152.044594
75.378546
178.009344
159.240420
94.928834
122.266750
81.899344
141.548401
166.501127
132.293655
101.928987
139.274874
119.717758
133.516319
132.421738
111.476933
172.896465
119.888809
133.706296
148.747156
92.340953
144.962643
126.011545
95.667373
137.041244
112.246827
156.604047
149.791337
133.758654
116.440034
131.837886
150.882826
142.461123
91.927741
163.362991
157.562408
87.173168
27.972109
155.538877
119.502411
168.963288
146.939858
146.578077
144.569941
142.500528
165.527419
97.004577
131.776045
161.997533
59.607944
114.120057
145.523026
148.207146
110.011305
106.922620
141.650750
148.887739
86.946145
128.923314
133.590504
129.140689
120.841941
154.649748
114.624576
162.818507
47.416959
161.325855
129.094585
99.499306
68.103546
139.134627
131.409734
78.218927
106.948213
45.569712
34.326413
116.060366
14.831239
134.142291
25.030175
111.526161
149.928579
134.485012
76.142675
85.930293
140.898815
110.323880
52.242487
97.388501
121.651719
136.799615
126.704196
108.669037
68.481632
167.194959
172.316892
81.975927
100.786081
103.922270
89.215575
129.438248
128.544752
104.100061
114.903350
98.370032
133.771384
148.872066
76.585636
19.930878
158.831174
122.425482
83.687990
153.174458
118.568026
120.474512
106.751505
99.632261
129.338764
132.152470
62.937871
111.945185
134.405047
62.268140
125.498980
112.425218
94.262964
132.486786
72.786741
106.322024
54.415946
89.674666
131.584278
7.026964
100.483737
94.497615
131.184428
116.358604
112.850763
87.132277
65.775715
159.798545
172.653938
140.983656
106.151171
83.793865
156.578659
81.300820
130.412604
180.112969
113.548523
89.666851
70.137379
112.894420
77.835342
107.913379
111.318861
106.276101
126.903519
107.868360
87.128634
143.858694
128.583526
117.809275
22.965595
97.814342
114.623523
46.553745
92.835466
93.745398
90.709323
88.142482
121.797852
178.139314
70.056314
126.042277
121.677357
80.000746
118.693702
85.636202
81.224998
28.618717
83.093414
2.708940
36.452253
11.723806
114.941800
144.239092
85.186412
139.204393
116.973849
43.906758
145.126342
116.706538
106.564860
137.076474
124.538327
83.237739
43.137174
65.128953
93.046278
61.990478
111.298614
50.521309
125.271129
115.675696
107.619792
107.309577
111.330234
56.939420
162.844133
113.506420
59.305510
173.727376
129.198182
90.862496
58.547263
127.119182
84.635447
132.345069
67.405052
113.667013
109.885123
100.243980
74.858734
74.264599
101.885851
83.065214
121.629805
61.183767
28.425941
47.651237
132.824492
42.738449
53.344659
116.843856
73.891828
52.306588
117.843283
98.879903
53.766428
65.070519
-1.619911
75.551253
67.369980
-3.440743
58.412091
134.022800
104.384940
43.572631
58.895942
105.939392
159.983973
119.105681
13.042269
100.010165
144.268377
116.933500
126.928111
126.975059
94.896476
89.362613
11.118147
78.382259
94.380680
140.258164
24.835160
113.391409
99.605828
76.972793
33.750062
97.753931
127.305020
138.090438
64.491711
158.060521
135.023742
-214.746095
141.411957
131.626947
128.531358
136.384637
149.537039
143.853177
113.014012
87.996703
113.238837
148.874879
107.483030
136.705443
36.422250
83.770501
114.844757
114.891719
29.959022
95.655587
129.019767
122.144631
122.606363
148.233581
100.519860
118.978641
125.637990
131.654879
126.570525
134.301037
113.296802
21.867460
93.585528
77.814166
115.382776
118.493424
174.637528
122.891547
120.347317
69.165595
160.105723
60.350453
133.075271
111.540313
124.688890
117.519128
50.766982
153.554243
79.130373
101.868699
132.542263
146.886879
114.871454
88.544610
97.334717
104.257350
136.604594
-5.258831
116.378776
127.407412
165.355403
162.114846
161.038428
114.759164
122.444432
111.447265
82.496276
147.718489
144.084166
178.204019
81.759445
167.855333
134.872631
156.000320
96.800616
165.857563
123.933393
99.596743
134.110087
108.298223
104.408238
145.072952
28.488799
155.033802
129.479543
134.102179
109.688357
28.542740
125.798057
90.923159
116.278803
82.030784
68.823560
118.326804
36.503030
94.563932
122.141014
134.118500
177.102458
107.960616
48.800258
95.862294
151.083193
110.623937
125.286461
101.224422
173.123494
125.088979
127.125151
126.603142
100.799952
111.907010
158.679058
104.994286
142.280709
158.036579
102.806140
120.628404
150.166641
110.675518
97.610266
121.476995
131.645802
157.247380
117.586395
154.639389
156.332768
127.306648
160.438633
149.526164
112.620469
126.615127
121.743243
168.052132
135.123788
157.934124
161.826176
155.122998
171.104880
125.059091
146.101700
111.950918
140.231390
116.160817
181.075436
136.334169
136.274230
108.412576
178.836744
142.714888
109.778898
102.951757
152.332267
127.143360
141.026228
145.210491
139.601744
149.428263
85.927015
112.161885
125.044578
125.975660
110.964659
134.454263
139.608215
156.673330
158.556910
135.225944
178.781403
126.287295
124.077691
126.559901
183.465951
126.971005
119.013928
173.125668
88.351733
147.429064
153.502736
167.697270
-6.794371
60.583990
81.476880
166.324788
144.322603
141.562604
132.137714
112.316014
178.745588
177.812743
130.377539
123.067589
36.454515
122.399179
160.574925
100.729325
147.205132
152.337369
168.694895
1.008857
93.654635
125.355612
146.622479
124.048124
133.037354
119.397049
124.681792
154.713335
144.333052
115.824365
120.869885
135.990139
114.775054
138.004447
88.127501
144.342624
136.402466
124.691402
163.287212
109.493857
154.914211
122.649787
50.248711
166.798810
123.375440
136.178726
91.502439
115.649379
116.026273
126.404143
132.417503
148.930298
141.163541
126.148445
54.143410
134.012320
57.455741
152.142518
158.750568
147.667042
165.938805
149.813766
141.992619
114.529143
155.157098
195.246838
163.644040
109.502468
168.414392
166.402908
163.429865
47.992587
157.682611
115.972408
143.608514
127.466049
52.748118
173.059609
118.896883
144.989102
103.830004
130.472608
114.946430
182.027109
104.246231
154.813285
13.907186
150.038310
173.821309
162.878753
118.474273
117.567174
159.450036
133.025671
83.723494
128.299368
138.232517
113.428435
126.482799
111.083942
145.206944
156.906651
129.549809
123.564715
105.681102
64.945423
149.398962
96.031463
131.546111
160.247926
138.100599
-4.189876
68.335743
89.027948
131.176931
122.302269
114.634245
126.538482
135.975884
138.754695
123.631815
40.834419
151.051691
129.392986
132.742594
130.746893
138.100019
144.396306
151.901746
168.331167
144.682851
149.862473
142.391487
108.779672
154.280226
163.549922
116.907913
128.994073
100.092536
119.317553
116.242907
149.387992
131.826083
138.203118
116.752890
93.962885
154.054553
152.080800
146.400891
151.487930
85.226545
128.036598
129.940013
133.082915
123.781547
153.169215
134.402431
102.000316
145.088742
137.734476
109.757812
125.429967
137.043861
108.687189
125.526254
131.106775
164.022473
118.110411
126.624472
61.882482
102.359497
129.305585
114.163952
72.787714
114.339438
115.227560
105.716485
88.561940
96.943191
99.617298
106.853869
141.603393
127.922550
124.152535
104.416881
188.599314
113.403970
120.839559
120.473793
37.072872
146.625511
132.885824
170.600273
108.162301
131.972209
129.456488
126.268208
77.581084
150.159939
123.498028
151.351296
122.904136
89.567845
163.190669
164.120377
137.762159
114.196952
115.108585
89.337337
129.685560
106.902442
113.664545
119.278892
71.707784
90.763515
148.099832
84.638907
92.176600
128.924000
150.268012
106.739330
97.325199
118.684075
127.905045
96.731782
134.953599
100.307646
59.739215
133.779732
110.613161
121.326373
101.222040
129.329028
80.618865
104.282279
106.581311
108.128011
97.529599
120.622745
131.041716
113.521996
121.646561
116.364501
143.350432
147.058108
116.739403
91.112556
78.854650
100.042312
119.190492
94.586120
104.426427
101.249925
138.854582
136.120600
115.854886
98.160961
115.772844
120.123645
112.876952
128.385484
113.042099
113.565570
107.766064
81.348601
78.068855
105.505224
86.785243
97.195931
68.936289
130.655979
108.091215
77.179394
66.235553
56.295145
98.078642
88.076158
148.891856
106.224996
99.103651
89.978056
101.631547
87.663562
104.311897
111.942874
126.149111
81.957468
78.653608
90.828160
124.505317
126.809941
103.124286
144.564850
37.249489
108.639528
111.613397
87.556591
106.200916
113.520357
119.883787
