-450.510737
-221.240464
-68.066342
-142.965731
-89.979164
-247.646770
-59.529316
-103.056778
-129.022979
-71.869864
-226.736784
-91.191268
-163.604360
-86.827033
-118.982810
-167.507743
-323.828153
-21.066769
-94.662309
-194.397962
-62.654309
-108.781669
-98.922719
-103.368745
-278.578403
-89.533571
-187.099871
-191.327673
-448.019191
-384.598880
-256.791992
-138.724738
-111.267210
-274.035084
-2.875121
-311.101382
-42.358320
-251.117391
-197.906590
-199.470641
-120.355129
29.319022
-200.669918
-348.425612
-411.874902
-263.258806
-242.608653
-138.524296
-451.836543
-315.756032
-223.177681
-197.739091
-94.224291
-73.333274
-438.585433
-118.269374
-417.325666
-306.654157
-117.512330
-347.269195
-334.508061
-91.878108
-239.398014
-54.967652
-482.928352
-288.674363
-335.119046
-76.667496
-162.750226
-172.979470
-178.283239
-99.805846
-430.413730
-118.904855
-348.639427
-331.348642
-438.280482
-236.089399
-105.365610
-250.267520
-493.398407
-15.831428
-182.877847
-237.474767
-317.290328
-103.111844
-312.156823
-179.928607
-110.793939
-324.074702
-166.187069
-122.370311
-274.480833
-404.462222
-36.791403
-95.067927
-371.747992
-84.178759
-173.883699
-137.010894
-214.002397
-55.466662
-126.825772
-121.018431
-79.880257
-355.576262
-118.889701
-101.104102
-321.120345
-119.696136
-352.851131
-193.256205
-339.423534
-198.625685
-160.628146
-341.554807
-339.014806
-126.878618
-123.442264
-104.382962
-204.236404
-146.574667
-254.782041
-198.203162
-182.344091
-101.747004
-495.682260
-328.904956
-80.990729
-245.882618
-238.739214
-373.031290
-429.934239
-93.959757
-115.274926
-141.654566
-133.261310
-302.475363
-478.681926
-84.771080
-46.358161
-0.511416
-115.243314
-424.118541
-385.958966
-277.365829
-124.560787
-429.288330
-253.541394
-79.947155
-138.002403
-70.376673
-239.503763
-81.163822
-355.866882
-182.358981
-273.621607
-9.871376
-260.003958
-270.550474
-155.875790
-80.353073
-372.224340
-538.218526
-392.671210
-244.696859
-41.921438
-26.996867
-82.044838
-340.913513
-233.332389
-266.611617
-334.615128
-126.796811
-404.682574
-64.965119
-82.379574
-296.251440
-570.227160
-93.501019
-177.190528
-322.739114
-144.047207
-109.613520
-400.494817
-289.518740
98.455620
-387.528989
-291.038288
-507.948150
-68.745119
-261.026233
-303.579742
-85.779690
-118.446727
-137.199520
-208.257771
-299.495744
-164.819220
-84.235483
-254.205048
-126.764051
-167.673310
-569.804760
-389.412572
-150.750936
-265.087785
-182.236000
-213.302567
-177.736996
-35.501653
-78.725312
-242.887706
-334.824625
-152.481712
-24.301176
-330.842133
-107.081931
-269.246978
-146.921882
-460.431979
-89.152350
-72.905097
-318.558933
-71.300414
-271.010028
-135.824677
-246.410123
-116.865679
-351.967406
-202.028648
-312.616408
-286.631191
-357.893304
-277.473159
-1.771914
-88.745105
-82.199122
-394.057940
-388.357891
-212.135523
-79.152086
-144.556755
-248.570835
-143.737218
-150.630690
-52.885623
-165.118146
-90.252204
-241.333697
-77.644708
-484.483709
-94.581981
-150.416963
-385.093339
-247.375180
-183.986396
-103.885968
-263.529612
-183.987910
-112.243022
-197.179968
-431.321612
-242.766695
-362.283014
-270.356141
-447.664674
-152.308435
-270.415942
-274.139717
-201.520687
-65.635580
-129.781579
-289.971293
-274.036778
-154.234759
-302.060019
-336.753455
-327.775349
-129.401693
-261.013416
-103.643112
-235.743152
-272.088073
-31.844552
-170.256733
-92.586568
-195.843878
-64.215959
-172.114294
-60.166962
-464.019404
-165.914223
-339.860932
-263.799438
-262.743276
-85.093836
-321.831746
-139.950825
-70.264780
-142.991960
-129.299265
-155.944384
-213.461894
-90.136711
-89.671173
-105.143451
-105.423379
-480.086222
-136.135276
-395.630313
-181.220157
-114.830570
-296.939617
-104.253471
-152.099742
-325.943624
-300.668155
-245.365158
-250.938223
-67.280101
-156.309518
-290.481543
-130.476595
-98.969211
-417.476399
-424.266624
-288.014098
-254.089664
-149.898888
-81.502058
-293.810361
-63.960811
-180.856153
-30.770289
-146.086090
-211.247984
-379.820077
-357.294464
-277.092607
-401.369215
-357.437900
-215.903741
-334.008531
-93.209609
-134.257394
-306.872641
-116.087207
-87.564364
-368.395450
-137.321124
-105.008631
-207.066579
-148.307493
-219.604610
-223.693539
-493.104707
-210.679097
-76.407876
-169.545684
-70.056674
-223.409686
-438.165598
-360.285635
-244.767399
-404.599821
-239.510332
-278.517039
-248.698518
-241.488754
-54.440331
-53.985528
-308.553748
-93.434684
-91.631888
-142.710613
-115.064832
-56.642898
-104.587973
-144.395374
-108.737862
-111.746893
-47.086788
-277.199824
-241.440406
-141.160727
-150.949569
-233.135960
-34.434825
-302.257667
-53.192145
-180.498987
-68.014852
-121.009608
-69.154666
-349.933102
-382.442357
-106.212101
-469.659797
-143.181014
-100.188955
-75.461819
-299.517882
-99.833139
-44.211305
-77.014631
-92.553826
-94.287917
-73.085775
-146.542331
-117.050461
-305.862191
-347.713790
-216.090809
-131.828623
-186.116456
-214.428896
-12.149439
-197.334357
-81.087358
-230.290060
-274.485462
-137.334262
-198.234995
-201.107280
-310.285466
-192.623679
-403.251953
-205.397198
-506.963791
-143.475033
-183.258965
-342.455260
-232.105720
-98.716635
-124.565691
-325.460109
-260.960071
-68.137020
-92.922274
-359.985189
-224.359273
-104.886207
-165.690099
-126.949868
-107.918281
-95.119617
-113.524663
-68.515919
-164.178264
-0.096924
-203.128429
-279.511180
-288.369788
-54.680872
-223.658556
-108.750893
-170.831676
-248.748742
-252.441637
-498.211374
-131.927263
-209.578866
-157.121449
-107.672691
-149.514180
-213.472417
-87.842959
-118.064145
-174.506031
-167.955460
-139.290192
-144.330210
-137.619472
-121.615249
-56.575659
-226.647368
-29.542169
-134.250280
-93.441561
-255.382519
-262.555279
-319.085971
-492.058537
-214.310626
-331.401326
-288.788409
-83.535557
-381.160042
-80.613802
-195.255893
-57.403228
-116.420989
-111.719695
-112.732148
-128.318698
-120.191090
-90.192550
-76.173609
-112.785016
-45.222357
-77.313319
-197.959253
-174.760044
-100.535663
-229.033557
-178.389996
-140.950450
-155.069021
-396.695619
-43.024660
-123.955340
-77.931267
88.325383
-67.057235
-119.893606
-76.018441
-93.164688
-195.918401
-168.033571
-243.134207
-126.637593
-55.657788
-86.675316
-258.521050
-321.485808
3.036121
-97.042176
-208.312704
-239.997559
-314.691507
-0.491735
-263.869371
-308.115334
-107.103837
-261.390739
-94.839166
-225.156642
-123.616671
-25.523138
-368.120088
-333.139142
-131.418308
-109.184674
-58.001770
-113.488152
-79.950502
-122.789915
-208.815324
-223.883437
-151.694675
-91.659064
-83.978830
-304.189369
-124.111857
-120.631816
-9.670307
-258.276271
-261.321580
-224.355865
-88.286837
-171.041713
-266.745167
-100.952653
-65.154355
-99.812383
-123.336306
-184.228967
-49.018912
-103.264574
-37.257145
-131.308026
-240.774413
-65.900564
-114.618364
-128.455253
-214.497930
-47.302336
-153.258215
-154.534544
-249.346660
-120.978320
-99.242950
-333.977031
-89.266004
-135.322692
-107.170709
-179.978529
-100.079485
-104.765441
-225.375499
-100.855303
-140.597065
-72.673231
-59.030711
-194.494014
-81.969804
-139.555133
-167.117662
-226.140362
-79.430166
-71.988259
-65.803896
-170.773746
-138.502219
-59.625367
-100.068697
-79.353235
-205.258979
-182.513680
-140.066268
-301.098153
-118.596328
-268.447363
-100.569727
-108.783039
-410.175698
-80.550571
-51.989926
-207.944595
-79.435853
-189.041544
-37.564422
-141.781525
-277.992498
-143.436990
-72.354047
-117.106952
-249.505084
-137.057009
-80.808728
-153.061607
-32.548516
-53.634053
-162.906553
-221.676552
-104.612874
-64.826424
-126.811115
-51.662395
-110.429146
-90.211252
-81.908574
-123.290863
-194.159702
-143.540903
-108.702150
-265.818367
-336.448136
-372.691349
-168.740694
-100.986197
-104.016960
-5.487564
-85.236856
-107.160751
-56.590940
-131.198524
-118.970335
-218.231524
-56.555839
-77.580839
-88.533012
-294.810308
-135.762858
-83.849823
-357.325146
-228.058933
-124.836966
-277.411186
-157.880596
-174.279465
-29.994325
-145.478900
-101.651008
-83.956140
-266.472240
-159.357394
-71.246614
-317.592223
-106.072943
-101.401996
-143.827312
-87.710614
-87.537762
-167.592233
-61.988045
-209.833644
-112.379115
-118.511021
-78.489155
-82.304545
-75.690395
-296.938786
-135.204899
-28.402156
-75.850721
-95.013725
-48.946251
-182.586262
-104.405447
-135.258513
-126.864080
-107.644585
-114.015869
-115.819712
-178.718643
-207.403045
-81.757917
-79.025890
-93.489199
-111.863000
-166.813113
-276.313627
-173.373821
-121.883382
-156.796923
-160.879021
-88.101631
-95.503288
-25.481356
-115.533149
-210.285889
-122.888630
-138.409432
-254.278251
-84.081672
-60.693945
-59.943158
-100.606776
-65.455957
-72.864133
-154.856432
-117.707928
-90.824149
-53.391886
-119.663885
-98.108627
-60.117684
-110.014061
-47.117355
-91.485326
-81.039785
-35.746763
-93.525987
-84.998220
-82.125954
-93.926194
-99.807834
-68.142669
-109.739124
-69.291336
-121.077277
-85.864611
-125.676295
-157.368473
-45.760702
-148.784253
-47.774556
-178.215875
-81.502398
-82.177327
-76.747375
-76.039421
-74.261526
-70.380553
-100.077932
-118.381984
-68.054993
-84.137371
-50.115421
-187.700930
-33.680492
-66.639362
-115.077483
-262.847232
-110.083285
-154.324085
-98.409941
-94.373012
-113.531688
-106.886177
-26.456929
-59.763388
-76.425445
-54.408585
-106.334701
-51.369732
-30.576710
-140.855319
-111.403064
-73.445200
-100.941929
-301.128467
-90.990342
-85.450267
-79.812203
-151.971915
-78.672520
-76.288455
-113.910870
-106.981774
-63.317675
-239.493241
-73.883473
-141.180455
-277.538931
-163.509125
-91.333770
-16.692071
-90.585051
-94.063907
-142.541710
-133.869587
-102.971255
-111.925438
-76.358940
-33.709227
-104.569585
-91.590188
-75.548244
-105.542254
-156.236673
-214.256971
-69.704891
-100.531638
-2.155876
-75.277295
-202.464895
-67.832099
-97.755984
-93.716470
-93.324310
-102.014352
-118.166434
-228.466477
-344.742274
-95.651018
-81.445501
-64.014112
-115.046513
-116.491821
-93.884436
-154.583540
-92.030745
-88.788792
-78.265930
-74.528242
-81.018492
-107.577885
-77.516291
-76.481460
-75.506015
-74.498431
-88.746336
-95.104066
-75.257278
-67.616750
-104.296957
-79.636394
-120.889098
-139.330473
-123.374317
-54.930616
-154.492135
-72.064119
51.113141
-96.714502
-92.018096
-60.950072
-76.620523
-89.289453
-55.715016
-59.462107
-57.395269
-110.708093
-108.195906
-50.475591
-86.380440
-15.081588
-92.915167
-70.975154
-140.697994
-75.686557
-90.405155
-83.869703
-42.717912
-56.352604
-106.757769
-80.434371
-95.392382
-182.953711
-90.722969
-98.100749
-111.905578
-152.542890
-86.727677
-92.371260
-64.473327
-44.233538
-85.309767
-133.572491
-48.776241
-118.136879
-93.258313
-184.385183
-35.919076
-51.844228
-116.866421
-99.532523
-93.271639
-119.779415
-82.661436
-88.776945
-91.695839
-107.669235
-117.041472
-112.309020
-57.599925
-68.232393
-116.981303
-97.357617
57.367693
-79.160931
-86.334153
-55.751881
-98.986047
-35.131928
-64.754649
-150.413688
-42.539825
-34.218413
-110.113668
-61.597945
-10.105258
-136.582901
-73.771458
-116.905691
-54.727033
-131.089924
-67.957052
-102.128508
-196.494114
-60.494380
-115.287132
-65.470719
-60.154338
-71.098475
-87.785365
-81.615142
-50.271348
-78.036476
-74.148171
-111.446199
-100.752362
-91.099954
-75.329020
-99.906843
-61.836713
-70.191308
-216.973784
-37.678455
-81.031442
-127.027000
-71.372556
-105.758325
-36.591674
-135.796097
-49.277213
-65.758946
-38.623537
-58.265844
-68.981883
-61.751622
-101.421168
-103.997135
-140.098006
-151.848551
-80.705698
-96.231234
-69.395961
-12.676856
-128.081333
-21.541489
-158.068387
-61.764345
-61.122401
-217.523534
-91.527526
-104.580628
-92.857811
-97.565808
-80.706256
-75.189498
-105.195435
-108.411701
-48.065439
-109.144322
-68.593410
-134.860177
-29.684229
-53.074571
-72.988883
-21.124382
-37.625355
-41.463952
-144.373891
-52.684731
-65.690351
-88.128985
-97.912074
-34.320256
-106.810102
-63.322352
-51.979478
-105.055049
-222.942595
-52.384764
-58.901514
-50.292645
-31.436315
-75.580862
-66.167422
-64.986272
-40.512017
-102.237256
-70.586719
-103.243286
-47.271796
-77.125776
-63.972022
-67.131992
-95.515437
-80.773479
-113.449502
-38.170411
-51.321240
-88.737034
-76.523918
-30.211807
-38.101746
-46.515506
-2.985887
-41.245164
-78.527141
-130.511197
-119.300681
-103.425813
-116.110502
-84.580027
-252.352461
-104.835445
-202.416815
-216.808675
-14.129311
-69.299294
-58.741602
-56.881785
-47.601409
-78.464250
-93.122230
-53.967840
-54.677190
-111.723395
-49.828302
-38.887850
-70.846883
-93.944378
-66.738115
-77.442780
-96.719530
-19.399880
-68.188963
-150.588609
-63.576088
-57.300431
-50.385881
-43.996437
-53.752339
-313.006144
-60.267012
-32.320167
-198.160767
-82.530843
-178.267529
-33.233797
-37.942535
-10.582217
-87.690254
-24.236862
-96.782804
-45.775545
-55.972224
-57.694787
-52.711214
-38.307806
-121.415619
-19.717120
-84.033128
-22.735533
-39.234224
-22.809171
-34.649850
-88.346681
-45.475723
-72.785199
-85.295354
-95.566454
-48.757345
-108.397187
-34.089356
-142.926274
-70.986225
-42.054087
-56.415095
-60.707276
-103.519970
-54.225295
-45.382815
-73.308625
-84.643497
-44.805648
-48.655817
-85.659281
-74.951612
-68.133616
-69.306856
5.706663
-82.960207
-43.869729
-100.408879
-91.262035
-88.588747
3.113464
-77.019796
-50.163983
-1.931402
-53.366863
33.637885
9.744088
-25.544902
-52.763991
-67.465795
-27.648426
-35.277484
-24.948367
-68.999621
-84.863604
-72.205607
-33.920117
-233.919547
-37.747374
-55.783729
-23.415036
-40.853778
-57.833608
-277.273647
-53.575697
60.594360
-25.824718
-83.492410
-100.728806
-54.405373
-58.381931
16.440465
-29.471215
-36.064639
-60.039661
-69.625988
-32.602450
17.832326
-7.139712
-77.181554
23.839453
-56.023409
-107.874907
-49.408101
-25.420328
-31.288350
-29.275425
-59.349130
-12.971988
-45.392546
-58.948471
-36.624414
-8.245454
-66.333839
-43.144870
-75.308318
-59.681544
-11.068179
-0.621082
-66.400941
-104.018165
-24.910018
-56.515016
-186.564699
-16.349078
-61.808061
-59.929318
-33.599068
-31.551826
-101.867000
-33.032352
-40.502396
-62.573891
-30.399686
-32.009563
-125.578694
-8.726165
-52.168165
-5.975367
-28.196009
-54.450903
-25.284092
-63.960261
-50.445485
22.795032
-26.873317
-115.237422
-6.140424
57.311481
-74.308012
-78.862475
-111.802868
-133.366094
-63.429401
-92.954440
-38.763559
-28.531632
-31.498792
15.209783
-50.231372
-15.138487
-128.423013
-75.274526
-71.201776
19.092675
-39.209419
5.318191
18.468345
-35.775397
62.844459
-22.054947
-12.827169
-37.429709
41.776014
-82.742346
-89.628788
11.934400
4.760227
-105.416387
-504.253003
-20.773694
-14.538004
-27.255561
1.462998
3.248692
-11.678093
-66.686996
-68.324735
-101.341681
14.636370
-51.047411
-26.657517
-36.525445
-25.506224
-182.550181
-177.517883
-54.119717
107.736146
-30.842880
-47.247592
-96.430149
14.556538
-26.011517
-48.947314
-124.050620
-129.892245
-20.834208
-49.196436
-62.896215
-207.361290
-88.630068
-20.740430
-100.861268
-63.630140
42.050852
-161.402304
-182.847586
-92.152316
-265.219916
-55.212805
-107.479990
-59.913290
-36.285706
-218.642720
41.550323
0.063862
-7.074463
5.939507
20.112182
4.294884
-56.843146
30.947946
-24.665555
16.807886
13.794931
-60.482312
-62.534713
-93.825208
-53.096559
-11.008063
-33.012626
-85.858039
11.970643
-2.006650
54.879672
-168.277093
5.013326
-4.729898
-128.355183
-53.212154
58.909082
40.899259
-90.231801
-126.433329
19.925807
31.733736
-20.735317
-111.033570
-28.802977
0.074296
-14.285394
24.763863
-100.691068
-17.405259
46.085345
-66.059233
117.041888
-66.179109
-33.024700
-26.314820
-60.594005
45.616780
-57.421913
-14.148048
-96.941910
-19.988512
21.491638
-38.445188
-31.003761
-30.152860
-3.442301
6.268052
-32.579589
-22.963507
7.717224
78.992102
-30.577615
-114.889870
-9.566674
2.879334
18.890898
1.732778
-32.825060
-33.799013
51.984162
18.660984
24.545856
-80.847731
-18.322893
-23.820332
27.382497
16.541117
-76.766387
49.431077
3.582837
12.685629
-132.726319
-9.361910
47.759575
-43.999503
105.265617
19.082206
-222.791925
-51.041717
-32.069435
-14.806277
-8.774441
-2.372784
-34.637158
13.883737
-81.739783
-217.803053
-6.136890
22.159964
-3.934574
-81.130055
-3.368934
-38.720416
28.857670
-50.911383
-57.354886
-15.176704
24.229572
17.995968
-170.916110
-47.821623
-25.565568
-347.359893
10.177703
38.531234
-40.554111
-156.728693
-156.206065
-21.212410
49.641358
-67.032318
11.915278
-37.226046
-25.512474
-226.730573
-10.186675
-208.590581
-128.757028
-17.231639
-148.131816
29.657981
-373.265598
-50.233493
47.567556
0.770016
-170.606501
-0.258426
-18.060526
-26.133108
24.133755
-31.715347
3.555265
-50.395284
51.004668
-235.116246
28.541212
7.291027
28.542155
-10.027846
-66.086910
-9.634845
16.849473
28.876423
20.911273
-100.755926
-118.357556
-110.896396
-10.101025
62.290065
-13.935459
-184.543562
-16.080739
62.043687
15.431411
-26.989375
0.948957
21.205674
16.783273
-19.775045
-267.542456
-82.526195
-199.205404
-350.169161
6.191678
-77.766169
-135.262274
-48.767706
27.819832
-234.021944
38.181032
-41.259915
-6.915045
39.307472
65.883048
73.945970
-13.793041
87.018804
-48.611857
39.311366
-288.606549
8.421512
-245.516464
-36.709244
10.870096
-88.402414
7.966644
20.569241
74.356919
-67.826700
-1.368402
70.501572
-43.326330
29.190659
50.532631
-20.588295
45.819540
69.186872
-98.456046
-119.734663
-174.296767
-14.701641
33.712139
30.426459
7.068516
11.310105
96.103785
9.325835
-18.764237
48.278748
-184.455564
-2.257048
-2.581835
-131.272832
54.015731
53.416216
-97.281064
34.755706
-118.391764
-18.848321
81.597142
26.861088
49.875604
-25.112364
59.104534
-8.978536
-186.400361
-41.748854
-57.425288
75.168924
38.411467
-214.074822
-33.546381
51.470745
-174.149229
9.124063
64.189907
28.469297
15.650310
100.426151
57.745758
-261.633061
25.799321
15.985545
66.647729
54.358979
26.137575
23.973640
-134.406319
44.565541
57.062250
-20.073610
-28.355211
11.681528
54.656673
10.156801
-19.597189
42.814857
9.401079
-0.043496
-282.050103
69.499552
59.426965
14.196586
43.409503
49.088202
11.364300
21.846231
14.265899
62.711159
11.022875
44.298968
12.943655
-1.653166
47.063125
63.549499
29.473562
4.417619
-7.895000
87.925180
-22.510404
-25.952978
17.923752
32.092609
4.220129
11.875382
-20.835214
66.248359
51.326203
-6.256476
-9.597621
37.105307
12.546891
70.392319
-27.738086
18.707142
7.805611
8.840417
-19.284529
-11.393166
75.998753
28.490116
6.793692
1.886942
61.234420
48.213670
-14.456398
81.504877
15.339179
69.882957
9.850760
38.836622
34.932213
15.725999
-25.948769
31.091633
11.437642
20.372566
13.064165
47.355462
22.740723
30.833959
3.528822
0.354568
-9.209721
53.708234
-39.239213
3.032288
19.069874
6.884164
-4.058987
22.314068
-7.172421
43.923148
39.068055
38.467163
21.005403
-27.062642
-20.556127
46.539169
-123.966381
69.675938
-27.705597
-67.874237
1.922032
-120.436166
2.554956
17.119011
16.351251
57.774453
34.127312
93.504523
35.702834
41.669294
59.254543
57.836683
-0.075766
38.561130
-31.389720
-26.948245
100.543947
100.715166
51.558264
73.240209
5.967804
37.481423
31.847830
8.883477
43.434210
38.525182
26.984124
53.910100
32.943758
55.569569
49.502196
-2.659342
84.820717
53.344020
-15.242906
-36.987019
30.838834
62.953809
-6.051705
33.999438
34.878955
48.058433
57.602357
-240.782129
65.326450
84.989636
19.431303
-33.745817
92.739087
0.990972
-16.194221
-7.270402
-10.181478
11.647330
47.209375
-180.248067
70.543863
15.443919
-5.314492
20.522421
-5.239908
91.080367
41.686391
79.181224
4.202985
-1.738750
-26.475163
-2.196408
84.995960
-12.970927
67.061081
-22.446177
23.126456
58.261077
60.301405
36.253370
38.386698
59.985461
-8.613135
24.904539
6.508037
61.863982
66.232793
30.109736
23.070158
-119.109423
100.638660
26.472677
112.828803
12.513923
27.794441
-364.623217
-36.961895
45.196964
56.123737
-5.079290
37.058834
64.417802
2.859447
42.753406
9.883689
-182.458704
30.703872
30.116766
70.661777
25.141731
19.340888
33.983186
47.650489
34.359393
-3.380001
-36.357265
-14.599064
78.574226
49.479251
89.411528
85.476352
39.142836
53.900642
44.433412
21.512618
19.625275
79.973125
99.112068
26.535429
20.073506
86.516410
-204.933500
22.502850
51.569960
40.179265
61.783660
-15.317928
91.154809
41.999113
29.938222
68.932885
19.499397
36.573816
79.169221
70.511988
60.410136
30.577242
52.093868
28.488307
-42.100694
102.957660
70.099848
75.253441
59.536564
17.300773
64.134151
109.312956
77.067747
17.458020
9.924845
61.866122
82.718117
37.277718
59.671418
91.644919
68.341066
79.870359
67.530489
-20.547371
73.022000
25.836344
52.972093
27.958149
69.563659
-24.725083
99.026646
76.564875
42.761850
16.780576
0.126706
51.506276
94.810417
-27.245710
44.204175
57.337096
0.644172
28.258641
76.337270
20.839044
83.131689
73.331548
62.298796
53.249264
94.449848
98.010386
79.063779
55.379054
34.893411
80.306273
81.640893
32.484910
83.456678
83.170931
63.307835
8.014903
36.524381
38.079789
-5.770983
41.725345
65.755347
-26.369175
34.335705
29.120161
90.064197
31.933497
44.821032
81.135096
-206.442278
50.058095
85.789020
13.283787
61.341306
121.239800
26.909067
78.463962
13.456439
46.442704
113.191610
74.744894
38.154463
96.835532
69.531376
-15.719820
75.899562
60.717774
115.318286
114.114709
-9.250700
64.181230
32.912237
39.301540
-18.816499
95.212899
70.777469
28.594224
61.824649
5.368240
58.412169
52.745904
25.530986
74.318579
95.560753
86.058088
102.316830
94.703412
64.190936
65.145438
55.456590
100.762449
95.592264
62.134376
69.581019
90.741282
12.969699
10.213054
69.729740
50.441024
66.776026
78.532279
100.855729
22.236049
67.419843
80.469398
70.815040
75.148667
-2.452277
23.200420
29.985199
16.564979
23.325334
61.185544
45.879652
113.461260
-51.902947
82.116068
60.879507
94.113823
9.554795
67.392413
-143.617322
51.886998
88.149569
19.624500
60.418845
6.875575
24.789480
20.502687
54.134701
60.199685
36.484968
11.209514
30.744429
22.556006
41.041170
-9.124045
39.094405
85.103835
98.953562
43.195957
72.744185
-181.353263
-33.365684
-78.721595
32.658320
70.678458
5.428631
81.993161
-174.431063
100.537617
76.290727
-17.103720
-218.656799
-33.834239
-199.827439
52.152142
-196.428316
6.814562
-282.386733
106.774087
-187.222690
21.587042
28.346364
-109.395612
-289.714730
128.090515
-14.594037
45.223928
0.262176
-98.482586
57.574699
-81.194508
70.105852
24.156031
-266.241481
31.882828
119.809116
-63.612267
-2.975244
58.984578
54.558034
96.281358
-2.443669
-36.275057
73.260696
111.502948
15.601091
-20.098542
18.900381
18.666776
63.595145
-40.886847
17.772763
-202.183860
-85.746408
104.845420
-25.578855
82.358769
79.709795
-154.759739
11.637442
-51.450498
72.884909
33.978908
-27.580593
-339.098028
103.969688
53.347312
-78.763063
21.533367
79.646561
85.100950
-237.438551
-245.959241
36.686562
53.183819
21.349018
-311.326418
41.657769
36.919468
52.506077
37.196115
40.528986
15.521471
-105.965203
91.802565
61.797004
41.113026
57.145254
-57.413520
-179.663848
-102.682936
-202.132669
61.105253
-252.921289
31.041721
41.049233
41.955434
145.697251
-23.314024
74.523445
41.591823
14.907959
44.404685
39.275884
50.992616
61.566703
88.205099
82.594300
-16.300004
-2.449318
113.469464
30.232076
85.182303
74.090691
31.785750
15.492742
-3.612069
38.960416
-43.757688
12.316683
7.824880
114.674167
92.452470
25.366173
-18.223615
88.201126
43.582861
138.382032
86.518952
55.038597
-167.922859
80.204948
83.340133
78.163755
81.568774
126.436370
18.845595
-155.391913
39.116658
42.886767
24.627987
91.334964
76.581049
78.812566
76.368219
-0.570141
114.104416
-390.662188
107.382936
71.488455
58.771392
115.697720
62.614325
117.707086
70.910613
17.725161
20.425226
55.115466
-10.675820
80.524749
112.704065
35.954629
26.709376
40.437429
27.267555
89.260262
120.410687
68.881726
113.322975
60.495748
66.877711
113.700125
111.584952
-410.903139
65.232677
86.350671
103.623973
-11.418861
-201.963581
30.315081
49.823506
117.935865
66.363746
94.513241
-5.970401
-378.249458
-5.796586
84.121425
112.434606
38.342555
68.430806
85.142380
-6.451991
123.323464
106.481446
-3.352418
65.366192
69.883515
41.179588
-141.654714
108.289503
103.627488
74.913177
32.638051
-13.023501
40.844838
82.971527
33.250044
87.194311
55.287758
23.272720
21.208068
98.943586
98.227044
107.167749
62.111839
108.898413
76.563886
36.425052
-153.102034
103.784786
36.632527
48.146176
88.628923
65.276721
99.248089
32.838655
-71.530290
44.121905
61.708660
68.578803
-6.685846
98.552886
115.401486
21.976529
95.590369
77.884814
103.343710
70.600338
66.609343
85.355760
84.980671
16.958129
71.697885
101.121018
70.467033
69.182180
38.545564
-11.525629
74.967421
64.772584
-22.624944
32.682943
52.879855
36.394109
108.656714
22.420743
69.069657
94.497338
110.726954
102.811609
113.320380
123.326759
63.730441
-214.840105
71.008719
85.951596
13.726531
18.138982
-275.776961
12.711148
113.371645
-6.563286
71.436387
31.245591
42.522120
25.014783
46.484008
157.457155
39.956270
100.437997
-26.047526
7.924740
112.190745
85.514572
42.709822
0.281839
16.832158
35.812433
20.642993
72.249226
105.416217
111.432891
-0.854162
109.722177
57.492922
140.168936
-12.387628
54.718342
84.780429
112.867670
73.014036
59.205718
56.084745
48.754361
123.427416
86.486240
-572.384323
68.739715
68.468386
-134.877835
-52.227636
-47.223151
42.654470
-112.887812
30.974559
28.436915
130.781644
-237.072833
58.141641
67.966553
-119.698920
86.242222
71.357638
85.610325
89.009217
-267.233271
55.401420
98.554996
29.033138
24.492256
88.397590
73.141600
-359.352634
102.116634
-6.423367
101.167088
122.271407
135.850037
81.402580
7.751295
119.491678
76.054404
100.325140
109.535941
91.682533
47.008468
28.526122
36.426147
24.345338
48.835962
-28.174003
43.554085
41.281269
-6.597964
35.401680
125.941135
86.023260
41.580892
32.700369
60.000624
94.602423
7.487258
14.281301
23.364536
128.547878
40.678554
28.743906
-10.342694
59.032930
52.327659
37.591499
58.384999
77.379375
114.686106
27.940759
153.390143
18.069026
118.981449
69.736257
-25.964400
118.052845
-24.399530
96.009033
90.101509
6.333238
39.373700
65.819363
41.477318
31.137435
90.867241
7.721417
105.784103
91.024222
124.508886
65.682789
83.170589
82.831055
112.709608
92.942405
110.743968
81.988324
71.267150
115.563304
1.563781
69.987679
29.362533
122.116885
60.177548
95.758284
48.175965
103.889263
62.621846
22.853178
91.535844
32.601429
31.531199
85.284754
87.034756
48.874122
53.470838
66.623968
76.410948
90.705350
101.567983
67.315329
93.986812
115.638113
61.049790
113.576422
112.766808
89.606157
47.960658
111.967473
129.694799
33.903185
95.921330
124.200153
118.438035
80.225194
70.066931
74.946461
-10.668640
92.030091
36.390779
53.753385
139.510532
92.727511
6.495466
119.834204
85.700948
139.614064
23.141912
114.985922
155.084996
68.669359
87.884671
103.999403
80.855139
106.256752
39.752027
123.946935
118.717146
78.965293
93.473942
103.843846
-19.145842
16.410802
53.812786
101.406746
97.435586
117.024827
90.325882
106.090680
67.970964
95.718532
103.905778
108.474121
123.885262
92.110553
80.714074
35.901825
98.127626
133.962131
25.690954
55.203306
58.734498
67.385537
132.358681
58.316861
97.925058
113.198073
75.900964
141.493273
126.483855
84.453785
69.264781
69.943134
110.675113
-3.717990
81.244954
108.603283
89.991604
103.052795
143.244653
68.210284
92.830509
118.653254
72.480641
103.381293
124.188200
121.876551
68.190617
97.400248
114.407718
114.459979
-10.819751
89.225288
-256.506154
-7.795947
92.370750
49.461297
87.481970
58.053686
12.223153
95.597219
114.923467
96.222079
64.571353
70.786218
84.565120
73.642614
67.193013
148.861715
90.049493
42.595840
63.544186
97.612131
-107.091371
-382.523810
98.416856
115.840488
91.097220
132.485062
101.160666
74.081165
122.053453
-1.306453
95.539102
59.355382
106.725636
86.189809
-2.231541
115.096389
150.305827
93.873718
11.811214
6.633997
23.543082
18.258937
15.024264
-13.160366
22.837121
115.765811
-17.080642
38.270846
40.387497
29.179598
13.825741
7.047975
5.890774
13.672948
16.524511
39.259239
9.888233
1.628272
33.087476
38.299495
47.261671
-6.056241
20.806209
13.996747
126.015357
-9.596508
4.193598
48.821701
90.474418
43.257192
-58.031313
11.927280
76.757176
76.121706
121.973556
0.703972
-183.155922
98.105286
37.681026
0.866463
35.059211
2.184335
99.714897
96.185928
-7.625126
63.800947
92.579967
83.181912
-245.469485
124.830377
51.822731
44.902904
88.456731
-28.731441
71.911848
69.129024
107.651036
58.720504
-3.860366
64.541401
139.411165
84.112835
97.357565
105.817175
-20.527942
89.734785
97.573763
13.992667
120.217794
73.062001
111.386185
119.367265
116.153844
-155.436137
150.811761
84.446112
67.223143
127.212876
127.514248
99.630028
102.707964
54.139284
65.140104
111.176390
60.685766
34.825496
94.330115
93.388713
124.077975
132.422947
80.332243
47.789762
107.689750
97.398792
97.074326
84.086576
68.164789
107.032228
86.615014
51.061627
49.083796
74.860368
-152.853583
119.610449
74.868877
73.104803
69.274778
121.617494
43.650814
99.754412
96.954390
72.627502
53.340822
9.975204
68.288849
90.949980
94.058131
73.320253
86.271613
94.928636
-10.109622
118.827613
100.636405
18.682622
75.008981
73.962312
78.256248
-64.230776
-34.007441
13.218518
64.288070
65.270010
102.701663
-186.510391
102.397154
133.905142
135.072231
73.500034
74.530445
55.527008
87.768185
5.598830
54.990903
99.338251
1.897343
113.621407
16.691249
105.663787
77.180888
94.539192
81.248631
99.630275
6.447317
88.377760
-35.345569
78.361645
91.613719
130.106505
55.210845
73.996116
51.113938
53.324048
113.281737
107.214488
-178.562783
127.467256
66.574833
63.291724
99.607629
69.702571
66.111024
-234.784453
-187.929039
1.224918
134.102599
109.870302
79.429253
155.132093
92.453039
76.985871
74.800997
74.315394
125.723083
138.044752
89.753088
102.094845
56.874191
144.583607
89.259793
64.473540
96.765936
-103.683078
63.490100
98.339901
93.526744
52.403244
117.501987
114.787483
100.890016
121.152387
36.312253
117.341599
76.200377
104.689645
159.701255
10.565464
45.479307
26.575578
109.334973
67.304389
104.905848
-163.599676
151.135468
97.291288
123.688156
111.674453
74.198554
104.081611
40.080195
1.142120
134.990596
32.331057
88.771833
120.682021
14.663057
14.052538
113.725927
119.092205
23.616886
103.698452
111.346239
101.568596
143.071654
113.688490
126.303374
101.874601
125.182584
32.873049
61.364856
20.573571
10.283128
24.935022
18.574769
23.067808
25.336367
124.027975
105.136008
109.512227
109.292822
119.315697
89.141551
51.740348
-35.483098
3.138671
13.907719
96.933279
-1.506688
-300.234642
94.878578
45.417995
-101.865344
78.364281
106.148405
77.644738
66.231545
61.653937
6.378755
71.928635
50.062480
54.721644
28.182401
98.116675
97.991147
102.860567
-13.657715
99.163678
73.137698
40.285299
25.770517
85.703594
11.899348
104.959270
97.642464
105.712264
95.765160
85.796134
97.972217
140.396085
92.177398
110.228116
-13.144453
95.421472
147.418070
98.067790
40.395892
125.263897
122.568740
86.695800
83.708041
99.850863
133.732438
128.946328
158.895168
-10.497387
88.895761
85.843505
-5.270215
41.648473
114.544249
129.937478
96.384065
121.394050
65.976140
-13.600277
99.829341
98.932855
74.480520
129.109628
100.700175
106.646986
85.621753
88.532115
45.856943
-0.496532
66.495657
-44.172250
106.923507
89.031472
50.521976
36.752317
77.980357
54.060752
45.013219
82.397142
124.374619
73.418971
81.237499
118.468283
61.713652
99.933503
87.239648
85.478533
64.796881
104.220828
81.003507
24.646838
-150.627832
55.914352
90.031377
-232.862971
73.695490
82.072802
62.774525
104.624735
109.641402
111.572365
-123.136161
44.481264
101.748987
120.583673
92.991098
112.114777
71.476131
-2.901865
81.721347
128.225139
91.973570
68.342665
112.108418
90.805349
77.074666
49.910348
118.590403
104.165431
86.503371
83.485877
48.929416
98.386159
106.564963
107.871601
119.137685
109.650111
114.317658
96.710044
97.662459
60.218041
-298.128284
-2.174625
84.615626
63.113045
105.886299
91.476595
86.028130
124.695832
72.088423
65.072602
91.663841
146.224774
9.928719
75.917520
113.906522
107.019716
96.193963
61.605627
79.937694
65.485883
115.398293
88.083490
-214.010042
102.222084
76.274301
100.060900
100.237897
116.003703
55.077649
99.898524
104.687203
47.444819
98.632497
84.369090
94.269991
72.530293
60.814103
50.462437
62.121239
107.379937
67.371296
132.872392
92.919123
28.486996
-2.410571
32.985384
119.456196
27.324180
70.919476
57.010766
21.610560
92.379814
88.875700
82.166009
75.910453
132.506631
80.265316
103.977475
41.990141
76.992370
108.364442
-2.743260
88.703808
148.274211
134.102136
133.255926
-24.102937
102.420634
59.136948
99.495362
94.402829
62.420301
55.812609
87.991696
41.035334
112.507013
72.622104
90.210963
132.645149
6.040800
113.968102
57.046842
70.631033
68.887010
51.449201
-261.125247
-26.470805
58.612883
2.534609
64.366177
117.955556
14.702892
94.956615
91.460828
63.450390
128.867924
25.796524
92.297154
114.098464
42.039142
74.140070
100.081638
119.341195
85.940195
118.673251
86.538562
93.020408
97.079162
132.195029
98.224066
121.670811
79.573061
100.109610
112.788943
147.614394
90.621200
111.695533
69.528973
62.412353
93.096419
-5.165318
123.988639
127.260088
4.147904
67.784460
28.872793
86.313782
83.365719
86.948658
111.445586
142.930016
86.654969
-30.398455
98.499652
78.160070
16.087973
102.336942
115.870536
-344.047790
142.944316
90.412446
84.129265
66.763396
61.983070
111.230183
89.147516
126.359416
113.101664
133.420773
30.515406
117.902882
13.228801
72.918894
20.796951
133.644763
84.673902
74.078886
60.841865
99.752852
94.546870
130.371397
25.543714
17.901864
23.519618
111.203587
86.048426
153.441225
119.509982
95.206421
158.338075
-18.365570
109.445533
78.800593
66.771094
87.879651
-4.435661
24.199604
126.634810
68.049756
116.331371
34.066863
-10.766155
122.019926
132.794098
131.264115
53.305020
76.854764
5.922577
97.658823
73.847619
-20.001423
101.476561
125.432115
112.568594
82.370950
90.465329
129.170484
43.975768
145.551194
80.981721
36.362456
82.621209
63.554323
119.803077
12.023327
130.396525
65.201334
17.238343
56.326450
77.839145
162.264648
122.479466
139.260518
51.141204
-6.524065
127.109634
99.235393
60.160968
84.020447
58.139665
71.795374
101.273612
62.355438
110.684063
132.132510
84.702813
119.398973
54.638349
126.041085
112.574740
40.299768
132.836347
59.126652
89.167752
92.536808
48.171977
59.712500
91.485911
72.943773
122.656006
67.008498
82.218806
-26.186605
46.545283
119.620858
-4.492472
166.212922
54.742376
63.436914
79.191820
111.734075
45.825562
117.804661
83.794358
86.696065
97.333332
79.555145
-12.972383
117.728654
86.494190
64.891537
81.969296
67.681247
33.270823
100.131802
104.329976
100.823694
91.555674
92.117143
115.680559
96.705850
-9.007355
-33.711273
118.978544
38.907783
112.514070
108.800046
119.737982
49.103817
15.818671
121.883636
82.991276
134.103090
90.617084
115.793146
102.198196
102.626440
84.837033
121.315473
79.423718
39.918708
84.341243
120.518592
92.295802
69.952870
56.781558
103.321650
105.717411
121.917002
63.775643
88.542785
136.985611
100.545723
135.399574
125.623203
126.268416
106.282545
130.731093
72.335709
52.283108
92.998962
80.125582
128.290891
85.857868
92.651126
68.120748
57.969884
93.351809
97.967773
71.851562
74.714251
122.030849
60.589472
119.499194
125.258880
93.525182
73.301987
109.497643
109.691061
87.986422
90.341498
123.931231
81.226583
58.965913
128.633707
72.881468
80.395664
76.355284
79.921712
128.619885
98.110958
128.641605
97.955354
79.188039
115.371929
94.975239
94.467392
140.512109
48.790413
93.838219
118.224270
114.112277
87.363441
102.769192
92.294291
130.302397
110.152515
53.859162
67.494365
14.393839
-4.532690
28.513033
141.316987
117.831301
102.529023
99.454500
101.762284
97.348136
16.332330
61.873296
-7.881929
58.658562
88.175460
142.928347
130.440386
48.975805
40.200135
120.040556
8.348007
-153.919798
99.217423
39.392679
89.068278
135.953569
111.949042
82.157727
97.755476
111.181236
129.336817
58.950919
94.541814
79.865806
103.464023
79.945570
107.891579
108.743156
65.401672
118.169177
86.512669
83.872606
76.865937
125.381328
93.571965
88.039257
102.017648
108.820952
-65.797791
-12.913387
118.071705
122.746014
116.411876
73.196360
120.615149
106.577199
97.602718
99.264993
137.287466
95.382594
108.251402
82.225510
29.398033
-21.959157
54.283026
20.541324
89.050629
72.376383
50.798132
83.640979
116.678706
123.281885
66.682450
101.359585
99.454195
25.818053
108.981218
109.135361
91.354727
33.711722
113.288858
77.948272
110.357251
32.272478
23.073377
-5.226099
130.013202
107.690718
65.454535
76.164185
86.013077
115.448374
104.638782
90.506898
95.075596
125.942316
90.607193
62.814470
108.966889
117.231797
145.519037
146.057006
120.345204
132.855005
112.132455
96.040733
110.931092
76.607868
152.623928
119.156301
61.614013
119.045796
109.500135
111.031201
63.379921
108.569358
-10.465540
121.615012
100.167687
99.112238
7.808096
97.493859
47.037897
72.634107
95.973561
71.041420
139.356869
148.884480
144.276831
101.384357
125.103438
63.787925
126.359551
101.759702
58.373102
48.483635
82.584320
119.995727
44.562977
76.051273
114.012785
89.695560
-258.946622
43.472131
68.817753
84.620492
104.636537
85.187479
119.816536
58.421246
108.713277
131.347550
18.302042
134.449864
137.256522
88.082090
101.909072
13.687059
1.697783
83.084776
58.476081
118.189093
100.052551
78.699709
69.043089
122.162323
148.336571
-166.560781
80.042974
110.249086
48.097391
89.356703
145.084650
23.798916
60.884677
126.290115
56.311062
109.626654
27.521977
-4.738097
152.582443
140.285220
-53.585758
-181.019644
125.676522
93.720144
132.374671
-18.465210
-11.300115
8.977938
55.036232
-4.346903
-18.882007
16.657574
144.956092
34.193472
68.452008
74.924687
-156.568164
10.335687
-7.033745
99.982423
74.116782
-20.845255
161.836655
97.137586
54.236568
41.300605
-27.077271
117.413486
43.214993
82.750781
62.047975
83.928913
134.026256
90.841230
108.872546
132.490601
151.915357
28.738378
117.860535
56.953069
89.554432
75.586706
-10.620563
7.694496
56.822467
112.257652
41.354422
134.102395
39.282662
76.701582
94.262943
73.390275
18.332475
158.047431
136.911809
54.070732
80.045299
80.001574
41.186860
120.366732
147.745053
113.010673
128.538779
99.707899
55.192487
-53.586179
92.676770
33.084232
24.550328
42.263560
56.637117
27.498259
150.227335
35.751741
62.432853
-7.384123
122.005657
-221.094507
-39.045274
79.234787
94.523090
65.846069
121.046387
53.879198
73.434486
106.456170
61.758536
155.364980
94.260854
-243.319100
121.475467
92.789535
115.247232
103.848412
50.594229
63.419180
152.101974
124.132250
-7.174472
133.842708
145.038785
61.541174
131.897590
65.100902
54.514929
96.500377
92.274291
108.482555
92.280318
108.540854
119.596916
40.227305
73.379311
21.783634
87.351045
124.320615
116.138769
112.911553
115.864470
121.261477
113.973567
114.287881
145.998388
91.553471
57.228264
90.758431
118.358157
115.520450
126.783964
112.571214
96.251402
31.559956
107.380595
51.699241
101.720904
121.955946
146.012294
75.476596
90.521970
-235.789801
32.745451
152.620748
140.175651
87.305900
116.786578
133.344897
33.332692
41.015283
148.856109
89.638068
81.866224
105.077317
131.653358
155.893005
77.725419
111.791661
123.520873
87.746613
103.322684
25.512531
96.672016
83.722275
142.327700
95.534539
100.742559
88.166195
132.786228
122.855037
52.950219
120.195494
120.207321
101.432472
66.006295
116.801540
109.185637
99.427427
115.782096
133.177643
105.493113
52.542134
76.066611
28.075920
71.612235
115.074650
19.460353
145.346429
52.700839
31.136637
47.098967
33.527780
70.858643
77.453579
32.807341
127.117743
113.560515
4.638223
83.978884
92.324681
-81.219656
96.256425
-21.666039
73.714889
86.140387
102.384662
73.432037
117.882306
107.803111
79.730887
67.173294
-69.278093
-225.721207
71.063722
9.716315
6.885030
119.566429
101.493621
102.416531
97.462847
94.589517
92.722301
112.782538
-5.866130
57.452512
10.128317
30.779480
118.269042
48.132252
62.388989
87.541388
33.248169
110.239299
-230.334597
85.168724
147.800354
107.100129
54.412619
23.465903
-8.856588
69.626213
87.978347
84.237503
79.765798
114.025770
131.483313
-30.979728
111.395853
143.102143
145.168088
144.176616
91.718333
107.921608
115.723923
98.717214
101.764631
-28.748600
138.094300
133.049992
95.125021
-142.880140
105.709546
132.160873
60.854952
123.380137
100.670491
133.164340
92.664393
91.894686
82.673206
54.534312
88.755062
141.226105
102.260956
112.817672
64.561847
124.262640
116.411529
85.044347
130.226554
92.293150
61.661163
32.382755
61.413672
113.764544
107.346140
122.268425
91.690949
83.260027
135.118928
117.918763
82.728064
81.924547
115.393564
64.686202
63.761070
124.422518
127.893719
120.044167
54.776886
118.534341
105.106617
-8.195987
104.649679
96.698516
61.822519
86.980664
66.837850
48.581617
91.111319
75.677174
95.043581
106.336601
92.870960
93.482968
53.499920
42.294499
105.634552
-113.786470
108.848174
-32.368924
64.327396
102.952789
122.321999
118.662083
69.347206
105.999045
83.172560
-0.607702
113.747958
135.004463
-196.912954
84.176201
56.131627
87.198821
120.434584
52.703633
44.095959
129.021589
118.583639
124.496451
108.326836
121.556924
87.879933
91.420836
55.241487
59.072220
73.707645
66.769032
71.549279
137.191557
63.980340
140.447753
131.963256
127.698207
100.753313
119.805082
-30.896923
96.640933
96.178034
111.118357
82.514121
76.844044
95.253285
60.370599
125.258299
127.941409
-30.093597
100.467279
105.109773
129.507656
106.520245
77.370847
78.422074
35.779130
94.319591
13.491033
110.483885
63.784152
146.342116
64.029303
95.161562
94.391838
73.808804
42.086550
89.505566
120.156413
100.676764
79.311002
124.501372
96.692874
81.741454
41.791627
91.391318
116.780109
78.125469
102.085675
130.057255
58.638683
108.103565
98.972458
118.253662
55.292137
124.443857
-118.093822
133.796700
92.187959
96.999321
110.839890
126.277839
151.537017
108.556421
10.772994
71.206363
134.522213
124.643094
119.807096
100.779952
46.246844
159.195964
136.454922
112.799790
-183.699072
131.176559
111.246465
155.991895
102.963372
60.752573
74.501013
46.748061
115.339764
85.204547
111.264981
113.394693
99.342990
1.604505
92.913553
105.675410
124.800241
98.147038
127.581489
129.767649
55.376338
94.811385
-54.851292
-198.245854
83.122111
80.463511
85.521853
65.973379
86.275873
78.732917
133.501739
93.161663
104.484223
76.696748
92.546873
138.710346
106.809777
117.795296
118.696266
70.617033
99.652489
67.178708
81.107424
-10.519552
129.266097
93.473889
55.302145
113.289241
131.946546
121.726657
121.675075
7.006509
102.104738
103.245412
45.173845
79.082555
120.191907
94.796531
123.645884
53.136692
130.502882
114.208962
95.350427
-18.351356
97.730819
106.099167
44.192904
139.592685
123.140780
112.612971
72.744727
3.590048
97.459524
70.040259
95.897091
73.102201
34.886461
55.979506
87.868151
111.617513
110.029898
96.146158
97.234813
95.281546
91.869690
127.982025
71.071593
113.944190
125.696273
104.027692
72.921889
97.488349
126.904380
95.522896
117.441204
126.976736
108.416930
92.381416
144.797582
136.880293
-0.217336
18.017587
85.746751
85.316517
126.210959
-27.436418
124.969687
61.336008
123.358681
82.962978
107.336654
102.562942
37.604393
-199.135060
106.071314
124.893114
-225.843871
99.098163
121.227176
113.670985
90.058370
90.913533
124.152711
138.219533
102.022313
58.522585
58.761210
104.762396
78.087192
91.907227
92.121045
142.763106
94.942672
53.315457
69.557859
65.036008
132.462689
18.657742
138.476602
50.172843
155.920261
128.840003
76.184849
118.903674
106.800076
112.831046
118.470465
90.608172
103.077844
104.900794
109.266560
134.905432
108.267120
126.262635
128.247578
118.569303
112.710931
101.455903
126.237616
98.887087
87.454696
144.808460
77.133439
115.586262
123.741141
133.764986
101.607822
106.755519
107.747355
118.449930
78.812240
94.578197
60.868888
95.701763
93.202917
114.874890
38.906837
61.093701
110.730767
103.564751
69.944975
77.443338
114.450596
95.337052
98.713373
59.717712
92.460821
11.887291
107.801408
130.540775
127.296497
89.840983
114.410652
100.318757
70.657671
146.434468
5.859938
124.351025
31.800190
119.386494
103.307694
110.941634
148.731070
155.947071
86.849096
38.335488
95.878251
120.565480
147.594040
152.471442
119.315008
124.950180
93.932220
145.846253
97.603128
157.876092
39.053229
136.469938
117.441189
83.959214
116.144041
29.405775
60.873407
113.051483
64.520071
39.552344
36.594801
129.558844
21.350448
-7.247036
124.325089
99.961728
114.942348
135.093267
90.707715
60.198663
120.410580
75.451560
79.269187
104.402895
116.558703
92.655881
105.955821
8.444262
20.805342
101.130275
110.562718
-148.209997
125.948732
59.634840
82.471818
44.819357
46.482041
36.753521
150.544808
12.226592
89.130455
45.306243
69.809609
27.109671
125.243355
56.462298
138.978896
73.638055
87.125307
26.103458
105.349890
107.009826
140.285308
139.386497
97.159716
22.503821
104.348048
135.046213
54.849902
7.853576
53.736692
58.137114
62.126547
15.462804
50.298400
54.216082
89.142960
32.992370
-13.708563
113.397079
64.315133
107.557610
57.157104
62.861745
145.825525
-8.820376
94.667526
102.215420
79.416837
88.377994
-29.666946
36.734222
61.956484
42.292312
74.203475
93.221337
136.025200
-9.862432
111.252135
107.568572
91.559950
92.510242
91.788708
44.083076
60.929033
94.025153
118.766059
53.018110
107.695141
129.489001
152.120683
88.910908
126.534572
105.570470
95.635366
147.617467
145.558524
83.068523
119.329148
108.930399
77.663587
62.005765
88.145198
134.173308
63.954226
108.347509
125.597240
87.484739
129.833709
86.077116
35.992658
4.469659
12.925910
163.293854
-131.224428
112.777367
101.830210
-256.225857
-14.125838
92.980752
-24.406948
120.328403
83.145513
66.792799
111.005804
63.536785
127.692970
109.233310
39.980101
11.721738
115.487898
118.576087
137.351819
104.687401
72.990114
110.499820
57.421524
88.343261
88.597267
95.690339
65.379472
99.442299
112.795791
149.340268
146.114647
76.660467
59.190248
121.583957
138.198438
119.669487
137.242010
136.077050
15.101726
95.808903
90.919670
123.976780
111.153141
95.020931
93.651733
125.583135
68.926831
71.719727
71.361654
146.848467
148.085894
122.959795
105.821517
65.288874
122.203311
118.067287
137.575257
110.149629
117.013508
81.915764
-17.367677
103.376008
64.454648
106.444608
115.775541
90.073090
-167.154937
94.689225
101.925682
121.748242
97.071056
133.141594
132.504333
85.483493
107.927739
95.623659
84.732540
47.265616
100.521926
44.582022
144.450983
71.963310
16.239797
117.007281
128.808589
136.530091
68.364961
77.656642
54.279446
112.569183
109.728335
44.808445
105.885907
126.563323
109.159087
88.475563
122.929623
8.255312
-126.917705
94.906686
154.220915
84.614319
104.797974
130.519048
96.697471
101.150518
-44.947758
64.865904
143.027271
142.703685
90.305930
144.375042
3.854993
119.376409
117.631678
77.907457
-4.079340
87.371245
97.708396
47.997731
87.758255
124.377601
54.218489
163.304306
115.577722
73.989612
112.658369
78.361678
125.464620
115.653362
135.406208
107.956167
86.648398
82.298418
37.108897
131.866638
58.201858
106.617168
89.266395
120.157743
104.735920
113.207791
102.928454
97.676170
126.320046
104.742693
75.267217
118.148747
91.873732
103.246755
116.806407
125.046967
107.870161
95.376215
100.768845
114.594317
103.758808
112.638284
108.322384
67.316590
71.991740
126.432747
141.614016
126.812095
44.182976
71.504272
63.799164
91.664535
134.914742
124.165628
83.939384
127.975375
113.408852
126.622838
111.775264
64.485062
56.238500
104.782354
101.384374
129.405729
122.403433
75.330459
62.579443
119.467887
121.543229
111.156256
128.491378
115.717607
92.215027
79.085475
119.024439
98.832905
83.758130
77.814442
84.514599
130.502368
96.164997
93.653793
76.113739
118.654555
109.666228
107.350561
-264.555984
55.280733
97.059360
98.522163
91.483816
101.669843
-121.658218
-29.706252
118.410938
62.447893
111.374445
96.828695
89.288363
107.919368
-32.186905
-10.458726
100.432902
117.598309
116.503515
98.615074
122.048691
93.820764
101.178038
101.833451
91.578209
97.744967
47.964888
112.414924
84.333963
106.125814
110.272299
77.756043
103.539332
90.451709
37.639271
85.112020
138.120301
107.825551
102.244804
120.976597
87.684646
70.771635
119.665163
67.442814
106.303139
76.027320
107.277185
134.117947
-42.890517
-18.046106
60.035359
106.751205
126.089788
51.972425
98.243514
111.847911
119.441567
154.334650
109.859500
139.605830
58.490050
128.472670
59.707501
108.831605
114.247208
80.915487
122.468886
-1.264819
114.909885
131.769635
-15.188505
142.618631
91.401198
27.670630
126.135735
70.512999
130.600200
114.170510
94.732745
122.193933
57.091894
126.656068
20.997233
107.202929
98.458424
34.341998
21.702416
16.748802
43.449826
138.746051
111.771199
33.796685
80.534400
52.070773
115.749339
77.683307
97.135257
61.123636
-81.202420
36.579970
-14.677099
69.245336
110.592357
78.922727
82.695894
144.056219
-12.392346
30.282910
-129.393624
75.251290
3.440052
-24.095163
-2.658429
72.728375
147.747873
121.603007
24.447171
-270.926729
70.215721
55.864307
109.542483
65.941340
-269.689531
118.549333
-148.489691
157.339774
-56.327226
92.446192
115.444458
118.967758
100.296267
124.595338
104.043506
133.498775
107.967633
104.432092
66.342024
98.498056
58.754016
111.784402
155.357124
98.744515
87.893614
96.250884
123.420347
37.990657
39.623154
39.270130
142.863131
116.107837
21.790406
21.103541
50.105410
83.352643
141.978874
112.610822
120.870757
126.177485
105.065401
98.011395
127.931388
13.977082
38.542173
18.454612
125.375098
52.536235
-66.147600
-74.639036
29.393674
35.687988
120.895820
73.604444
-16.436894
13.949269
117.842806
111.064720
90.231989
101.654742
33.517637
122.949606
31.415673
119.001786
109.927307
7.957783
127.810933
132.254065
101.030431
25.667480
133.145224
92.885197
15.294407
161.331433
-25.799002
91.066611
130.715549
109.142272
53.405138
107.235956
76.559403
-3.239943
139.660479
108.071237
58.617517
39.049357
102.185790
13.043776
110.092270
109.955462
125.049929
103.443852
37.897972
11.835531
8.444224
75.177477
94.439526
-4.633100
95.361061
-22.358026
-0.879008
17.368938
125.311196
82.221862
124.245552
77.504761
102.856436
113.622461
90.031845
45.301006
105.904766
110.925428
129.391681
87.859280
139.886185
95.991222
97.490319
80.875091
115.294074
114.468523
91.065902
139.183415
112.836873
79.625030
77.568053
18.857706
127.610154
112.815137
127.899496
21.973514
150.838948
116.550791
55.240585
144.043105
42.850449
77.999119
125.937317
1.386890
168.373184
-93.499414
100.997548
89.136235
102.620739
24.917073
23.579436
157.405442
86.852476
110.650365
106.559268
-1.786694
55.261517
136.467415
36.489442
83.959432
4.684801
142.068397
-240.195638
-120.867981
121.721922
100.018948
19.818532
104.195451
-17.644589
74.591587
-5.565271
118.004998
116.806131
50.100741
130.815080
158.339487
122.299021
117.973397
83.233221
114.853672
136.350731
83.842934
117.311802
38.263267
130.765251
75.325272
32.910138
-54.743451
109.585558
13.638888
142.293723
123.184611
105.700891
10.576717
36.734317
33.634596
35.561337
12.914411
35.127008
102.742507
-15.627761
97.163688
104.660347
11.060014
48.378313
114.714210
109.923167
54.222329
124.326715
137.950117
2.462603
142.872693
85.522273
-4.555930
8.471473
23.867269
93.903870
-131.989588
-25.263892
106.619312
10.696002
7.381286
73.701824
33.375437
131.131333
-38.827803
26.419283
26.608521
-64.515281
25.354997
38.823525
64.060743
2.627927
28.081583
-19.063861
-12.969477
-6.677316
-62.632244
86.064227
5.577195
15.141561
10.158751
23.019446
-59.705060
-221.564572
38.942323
65.813936
-189.756175
-39.176794
17.869291
-23.630260
96.513325
11.929557
40.885747
-13.325094
-56.701477
11.845750
92.409592
-27.102153
-1.582647
81.103757
-45.419048
-6.850778
-186.812316
3.214534
26.698325
95.899466
97.446809
76.792141
-8.733100
41.006916
118.906388
-7.974148
141.042059
133.144861
-90.109390
104.268887
-179.862889
30.092012
-60.605422
109.640860
-71.776421
57.238285
-151.297704
-13.763359
106.023534
53.553986
99.807688
-56.515840
71.625131
132.158721
55.429499
72.528928
37.161155
111.608860
94.762356
66.586763
-60.105902
135.660054
-94.158961
91.750059
28.986004
124.082811
56.205607
-29.214419
45.627385
-2.367545
86.606116
11.240740
-182.734943
44.107598
57.165289
26.655374
-36.198555
125.774968
73.570182
103.009921
119.021870
57.824486
81.432611
55.526182
122.362173
123.222317
20.632692
-25.389122
-176.134821
71.895193
113.037172
96.619556
4.190204
104.290490
47.482044
-270.482693
68.582215
100.448945
116.245521
82.333077
90.733544
101.555204
110.988946
103.235499
104.682027
79.050760
93.593300
45.701412
46.692695
147.526785
112.685449
131.490788
50.611259
34.721036
108.598352
-198.582134
-37.092259
120.801867
7.808661
108.102489
111.188916
128.520457
22.810016
137.693369
135.446227
154.083872
60.293166
44.122743
118.680051
78.625700
134.407512
56.471095
129.394928
137.092660
34.822196
88.981344
66.938454
62.143812
96.645490
64.395226
117.682739
96.694039
92.572680
107.757603
-127.993034
117.810427
139.516338
81.488507
97.172252
55.415987
127.701609
110.815656
97.104412
88.069765
126.740081
85.592651
7.122627
113.346009
105.188288
124.471427
107.450393
79.084824
-6.854528
133.142735
-0.164514
141.163852
96.973159
122.078867
108.701687
119.978754
59.613720
144.772843
95.043822
44.088759
122.832234
71.276448
70.610611
78.110466
-9.955025
118.685442
134.078308
87.928941
114.814979
71.738316
112.917480
73.312538
132.777994
115.494559
110.686321
112.803269
113.496706
36.151384
112.606059
-12.321634
103.969294
27.780967
125.157117
74.446961
147.390669
87.341310
99.859311
79.481229
-4.157735
91.557370
51.019740
117.269792
103.242004
127.625682
102.663680
55.503727
110.738784
91.725269
91.534149
132.843353
73.224631
129.914966
124.159202
3.750480
73.780062
-53.045215
98.299422
-25.287298
143.191676
82.929505
129.443605
82.129794
131.368213
95.923607
116.171606
110.389082
140.580597
87.060622
149.904481
37.430776
74.708079
72.528785
86.306194
94.953403
116.402357
82.074139
111.817562
72.005138
90.665837
95.194079
114.490379
93.575737
138.131663
84.592999
137.800740
93.067688
154.781080
87.405408
113.960004
94.696225
108.113395
57.790220
122.421771
61.994169
115.631720
-12.731421
-22.505950
105.687672
121.530255
121.735482
85.271111
93.017466
74.629891
116.021814
-175.458737
82.967822
115.552627
71.472471
143.805549
51.774543
118.787326
147.101261
13.982558
75.333907
110.795826
129.340721
39.238520
108.413616
139.631105
15.004826
142.326890
-5.305545
55.847824
109.317336
151.638135
101.588238
76.866149
101.534160
3.887553
86.990720
109.807956
81.447578
90.357669
140.318932
133.480999
113.183840
24.004259
141.940880
71.299615
86.761457
143.951142
111.740007
46.891116
-278.258408
102.965950
40.763705
135.496986
152.899975
126.196178
96.421240
88.300508
58.861108
51.612871
114.789880
100.804612
84.394323
91.618917
82.998103
138.937150
75.925130
112.440686
30.748759
-174.869141
141.335524
129.525771
40.759314
95.363501
118.927410
-15.972007
-19.364535
15.189590
72.326296
85.334413
103.822693
103.791741
-0.885269
93.306957
57.931577
20.493552
112.609418
-11.895986
-149.402063
90.165737
108.669749
31.632795
113.104857
98.407448
89.216947
-222.593761
132.280358
13.992665
93.039625
91.503390
158.039345
97.131263
113.683468
57.124851
99.487540
80.541487
-306.046752
92.108209
-6.736327
123.076762
66.640579
92.716750
71.416419
88.580903
109.106582
-30.400813
133.603100
99.312801
99.268083
-176.557344
117.668223
110.169620
101.356314
94.864475
87.036811
121.577585
94.288170
119.104996
-6.666005
81.445879
89.380530
98.677164
81.344330
82.083590
93.693683
130.698221
38.457841
92.032285
103.771610
114.846275
96.611936
91.390418
127.913944
39.593568
100.507540
48.211183
83.044479
29.427508
115.637154
112.978224
-234.233079
129.106635
160.060571
115.006316
128.161756
139.315224
88.184020
148.607786
84.400871
93.320895
-310.549215
129.419491
85.492391
75.762618
97.407996
80.789475
148.968371
102.509486
-419.903853
129.691408
140.412170
131.583983
88.334984
91.405253
134.631451
109.410067
88.899110
-6.117201
56.105495
129.755016
113.337564
141.018492
102.404848
88.090645
7.683224
0.932005
92.593636
32.566122
124.837837
139.791140
130.535389
73.923982
-106.479112
110.710877
94.888273
2.409683
88.142692
-214.216583
44.898844
91.599786
132.838472
97.687882
72.157774
117.943207
55.607752
65.996456
35.296820
123.748741
77.356086
135.834185
139.316744
134.785546
44.657029
117.641118
-39.018137
141.817454
84.710001
145.557341
99.247007
88.203409
87.808757
-8.591629
116.692069
72.031792
108.070219
112.349146
104.051533
84.389441
74.901597
55.264455
78.852166
60.654227
123.404366
-27.586446
98.640425
81.154788
149.589022
34.212922
105.949020
27.020572
120.511716
124.694664
122.673740
124.240630
97.382368
68.066221
85.826380
42.991059
78.525728
104.447095
129.006241
110.674639
118.981930
103.499588
67.502561
98.523745
84.005838
101.684796
101.781093
49.529707
91.633506
89.704341
93.100100
109.303778
86.010196
-67.201852
99.264921
81.734283
85.566323
112.102245
123.730313
115.047122
84.937796
64.541317
-270.963490
113.052172
137.145509
86.251117
9.087152
97.982871
89.954049
73.958222
76.760076
142.717873
110.814451
81.528376
86.966050
98.115950
105.429780
133.383427
107.127459
116.621109
92.782868
106.750171
96.380454
77.966582
85.823518
97.273080
111.295667
110.207395
76.355219
124.457238
137.948493
99.034129
101.377175
92.507068
77.331744
112.257107
-388.716048
96.269751
93.918578
127.843483
104.387857
61.486015
34.820268
140.371627
128.296535
118.043159
108.909071
74.338300
72.338586
104.641388
84.494420
96.835812
52.403540
131.238347
65.402766
143.729389
119.988908
99.200489
97.577234
95.726058
120.185171
115.189923
-36.024189
23.172233
98.679112
85.027751
137.289942
93.507880
108.209588
99.017124
123.131789
149.011496
70.962105
90.763788
91.768108
-69.969089
103.248187
117.981188
91.037225
111.813156
80.715803
-334.177890
94.060791
37.911793
99.039178
-27.381977
119.015697
108.920531
68.925421
33.951278
-236.180224
129.226255
98.750700
88.216300
74.852336
70.078455
100.379797
116.372138
-24.054369
92.722262
58.881315
102.301579
56.598267
79.584182
92.740270
-228.860739
-256.318091
74.224118
67.004391
118.557820
80.185007
127.901535
71.339567
113.769221
59.323463
94.781321
-330.168361
135.685083
74.476247
131.391969
-336.966031
119.557235
146.152056
66.715862
87.995716
112.907945
130.696310
93.234929
85.532181
76.406031
57.630747
120.856664
56.441468
-205.937438
64.633895
56.749690
116.258096
142.991737
129.746714
35.793621
78.613984
-79.412894
72.770278
92.677196
109.145550
120.267818
145.612328
130.858721
105.388651
55.000425
93.199206
136.512006
79.909801
87.298244
100.424273
129.732742
91.993727
98.396138
-37.357154
78.718649
114.264779
87.048969
-11.970267
70.649791
60.610888
104.030770
131.557279
48.744500
138.334458
81.535377
104.789406
97.721152
104.406821
99.398215
-192.852726
85.844894
138.667101
132.734265
59.586443
138.556222
96.128925
127.294033
5.822248
117.072893
88.411884
107.229002
135.266800
108.411786
116.621705
-77.629870
102.476556
116.998650
43.606769
125.303660
130.271802
6.254000
129.109120
100.525689
75.375802
85.146815
150.164233
102.820770
93.927648
26.012501
55.420286
84.548921
65.783549
115.843271
92.959742
113.255867
-275.810624
110.094036
94.094182
118.785244
75.363524
119.472626
94.400064
111.369119
64.204223
18.150692
128.378944
69.677734
149.813693
139.933116
103.070498
85.580765
100.438210
112.077154
109.238553
106.983468
122.740925
134.748083
88.656805
102.316271
118.169269
145.408380
112.870232
63.334604
103.773557
129.218039
-182.340925
98.611079
90.176928
75.053207
106.504098
97.544504
114.895204
108.638415
137.959912
102.062783
118.633897
132.386907
-10.500456
99.109705
106.855614
127.219484
50.359251
125.307657
85.371426
126.679167
118.716237
106.762599
115.477604
43.989894
143.423583
7.477883
102.677705
110.989160
125.745607
48.338852
97.815861
124.851437
125.399909
87.498440
123.729458
-243.680655
134.529721
103.061121
125.385411
145.810423
142.844450
92.691705
63.934977
110.428740
104.603802
120.612383
118.156675
91.581226
74.151264
72.275787
-12.457214
70.953750
130.698452
125.053299
89.477871
77.184514
10.589800
87.781084
98.665976
87.393325
127.371498
22.618258
134.343263
114.942641
77.710555
85.121146
144.611170
116.766049
112.829065
130.637162
-182.370346
147.563195
28.346633
152.968660
135.916258
110.120514
116.596283
129.725383
66.851153
122.572342
88.532753
110.248081
122.378784
93.033102
36.779946
76.026301
71.943211
103.025163
147.164447
93.467658
77.306138
97.418428
15.790061
146.326245
97.810147
76.166095
30.953471
124.851588
63.044568
84.912737
-168.748022
9.652941
-20.068890
-152.076398
141.705700
69.934566
139.309093
63.666864
80.056392
97.980238
87.131978
112.025709
97.542539
130.495940
45.317430
132.088579
89.115981
133.860639
64.026194
88.854399
102.921413
84.184320
101.800745
-8.548738
107.401387
31.196372
23.901615
125.916479
137.186861
83.141041
82.310792
45.311891
146.825876
109.783946
47.380262
159.023447
103.511468
3.692417
95.899275
83.299481
-129.467151
20.110530
36.842140
102.430585
26.798385
96.087096
118.569810
105.519741
49.246759
134.898007
72.143326
127.315710
30.541538
99.060171
135.491133
96.826363
92.693734
91.250186
76.231359
30.653718
49.341093
134.055359
147.840069
138.138464
131.568535
26.201448
80.574211
142.224676
-0.227519
75.946843
118.159723
64.988284
89.092094
106.383437
82.249748
102.926961
146.363414
124.151307
107.811161
127.546275
85.435528
148.034967
114.053906
108.032150
102.339141
113.043694
133.748147
133.852054
117.238993
120.716664
145.033800
108.920752
105.347360
153.353282
49.262487
144.371070
85.512719
160.934180
76.787484
121.716129
92.952461
114.188375
135.456460
131.454515
172.249664
130.124980
100.441216
142.043877
69.388749
130.328397
126.217578
24.958476
6.993293
114.502989
128.148739
105.719364
152.756600
67.696633
81.781267
-122.709604
120.812567
154.324975
148.765181
112.364449
1.284150
146.128195
150.343631
51.403903
148.353601
125.092870
115.831486
89.213709
123.260254
6.966641
142.643393
94.610422
30.930392
31.796303
88.926633
167.877696
-19.137808
71.939594
96.149120
116.047924
29.293204
32.574165
19.985466
103.998089
128.274478
154.657748
34.592643
128.614436
85.088448
19.535049
104.596859
37.185393
151.771191
3.705756
-18.235754
32.542412
100.312054
29.922705
136.713883
36.300126
-14.083938
139.863519
121.083223
117.834893
13.790816
57.327855
16.483691
9.540256
128.221017
8.207197
127.691785
136.804333
138.068708
-23.591791
11.045044
-3.511630
39.359149
31.182943
3.580003
-83.479221
91.064977
66.714227
112.522053
20.378277
170.380357
4.094710
-4.202239
9.811639
142.172057
143.929534
28.030980
91.439155
27.810326
44.922117
47.388203
101.594182
10.079394
23.884805
127.306790
6.867298
-43.821784
52.361579
-21.147101
87.176140
142.132949
-10.717440
-54.743143
-16.949301
-3.564798
146.513558
5.345301
21.291040
207.394962
-37.997039
164.627789
236.292251
-149.820180
178.098452
114.594184
-40.438269
-13.702947
30.223448
-5.878738
62.347917
-97.143091
0.846702
-15.507417
99.918749
50.373720
14.708685
-70.262169
-11.438240
76.768866
4.594447
45.734098
-43.496698
132.143876
16.974132
-4.552502
113.853118
15.618381
139.205607
153.034864
91.988808
156.291350
79.896521
97.141221
9.673775
25.879965
1.943185
102.449807
8.619255
87.295390
79.120672
134.465138
25.108515
120.590607
13.160150
154.236866
11.860315
26.790518
130.010110
20.656451
17.903136
33.208529
137.809446
-108.757860
107.778685
118.171089
71.879159
130.046709
28.770980
107.517793
32.706451
92.497227
-9.771778
139.266809
72.895967
-60.494792
97.803866
-2.509643
118.881274
164.313336
147.207101
66.944693
32.275100
43.337947
109.630783
0.290259
126.620464
73.735828
105.619800
94.661555
91.469045
123.541899
130.212178
109.929004
112.034051
7.717763
91.357208
23.058241
133.547288
117.569767
107.852642
128.815158
118.357728
116.961863
22.617105
23.581200
106.559170
122.774338
137.132171
49.312378
116.618182
135.374629
73.153591
101.871169
108.424863
126.363501
130.416846
3.827717
122.708678
114.789178
13.647326
93.855938
135.300861
137.841265
156.532832
90.442148
135.551099
79.615711
76.324868
111.393439
39.096349
119.110183
109.157317
95.813010
70.500835
101.670912
79.544871
123.043466
137.843049
20.218388
148.997178
89.197940
-14.739894
138.288873
125.650587
139.647869
141.096466
13.263616
140.322590
116.753634
-21.851314
126.718768
45.768982
54.618549
84.147520
165.557644
109.247193
90.491155
106.066449
108.576919
115.811680
136.856366
78.010108
60.898534
-6.894007
6.985081
129.696891
1.683932
-5.193804
89.967373
91.127391
128.939399
