-450.510737
-216.128656
-120.797162
-98.171280
-77.279904
-476.536777
-107.403406
-362.950923
-66.309443
-129.450790
-212.382082
-195.827642
-195.211707
-306.462989
-142.833874
-71.189541
-339.855383
-416.160184
-123.663423
-73.631248
-335.994249
-239.985717
-282.080129
-409.332820
-107.299091
-460.977051
-115.272428
-357.131397
-299.887093
-476.405329
-93.361409
-128.731816
-336.616078
-104.478905
-71.082744
-256.032211
-265.433121
-79.292984
-79.811065
-427.458810
-244.299346
-99.740759
-259.198125
-264.584662
-100.910581
-215.113755
-75.113118
-50.137882
-231.929594
-290.541079
-127.999790
-221.222105
-357.649074
-124.993125
-224.817644
-78.839755
-240.367765
-91.317369
-191.046987
-140.026092
-245.615231
-336.122656
-370.878502
-546.223733
-222.974757
-129.911151
-295.810643
-110.537550
-157.113346
-104.790115
-197.480633
-82.074473
-135.562212
-42.406866
-107.060487
-119.012772
-80.174005
-158.436107
-429.820541
-388.885759
-294.391373
-238.525833
-96.264185
-137.681571
-125.682177
-146.673552
-242.407593
-334.609795
-234.602458
-88.748267
-223.726292
-77.301793
-37.732122
-137.477722
-94.339211
-87.385298
-165.341666
-263.868723
-216.712267
-152.111778
-248.076227
-194.312002
-204.870572
-89.838328
-266.360270
-306.102280
-520.559027
-369.596817
-348.039073
-115.939224
-297.923641
-242.275943
-357.904198
-447.032119
-55.407720
-130.353025
-261.331247
-229.082719
-82.794531
-52.256280
-68.933274
-65.290104
-120.659915
-386.666130
-345.524376
-260.930409
-97.665125
-132.420016
-314.873780
-220.999169
-485.315196
-263.392354
-107.451939
-174.331577
-268.294748
-90.868160
-207.186605
-319.546040
-440.411843
-174.712031
-198.861423
-395.239463
-146.291534
-274.549213
-180.345387
-331.538446
-41.184908
-125.290245
-510.874924
-105.422566
-96.574876
-166.566993
-64.719597
-100.038949
-124.958000
-71.830962
-384.738715
-22.398228
-142.704952
-111.657826
-198.976297
-508.892469
-313.762535
-308.094310
-355.034935
-114.166421
-287.317315
-108.612028
-167.054725
-278.928035
-188.720399
-75.159128
-145.919139
-185.770544
-344.858956
-137.434068
-324.541987
-457.893842
-76.130388
-87.907514
47.148281
-212.372221
-92.661281
-373.972276
-97.192254
-423.211918
-103.896877
-390.118042
-198.265382
-73.143070
-395.867849
-250.701234
-367.098335
-340.844116
-174.316006
-153.035101
-84.931018
-47.665660
-230.324174
-113.980947
-69.640564
-187.466492
-162.454372
-324.988555
-396.862142
-359.919619
-219.032133
-53.463119
-134.791402
-178.039443
-303.727318
-80.423699
-245.258637
-174.474263
-109.016344
-400.084365
-159.409863
-199.445583
-68.113894
-427.041694
-135.087333
-216.021995
-248.030461
-278.991616
-103.922270
-171.888150
-22.255240
-143.303590
-264.677454
-119.498147
-114.604171
-82.949851
-99.986195
-89.608642
-247.502223
-76.837164
1.029760
-77.131609
-267.771657
-266.245104
-212.362262
-233.048011
-272.743356
-285.638696
-284.747977
-392.208649
-402.307711
-380.480733
-90.936186
-114.196031
-422.081072
-397.244265
-122.541555
-443.491952
-470.885961
-218.763915
-46.393367
15.160805
-198.170384
-399.926367
-68.977148
-182.696673
-331.380506
-80.213484
-277.523933
-50.847739
-281.232513
-431.360534
-126.963629
-108.745724
-69.941686
-234.760420
-76.601179
-424.365409
-350.228016
-36.146598
-274.613209
-134.642004
-172.444227
-313.314063
-347.730149
-153.752173
-177.832957
-99.931539
-225.681780
-143.912221
-247.020367
-125.539740
-319.458405
-181.521133
-54.041644
-274.196137
-170.530198
-441.566089
23.171614
-295.766599
-305.898184
-124.244657
-308.118440
-75.953826
-198.052164
-290.429441
-370.344144
-126.729644
-123.239595
-193.928174
-152.685506
-171.682133
-147.656504
-173.532741
-117.402119
-192.174277
-75.347498
-130.958022
-221.902320
-254.362362
-93.766706
-135.514171
-339.021856
-104.431482
-84.452715
-101.876697
-399.203342
-232.558544
-133.156454
-328.591978
-74.405580
-205.507785
-190.234246
-111.183232
-370.942430
-257.234671
-299.795540
-355.849820
-17.042623
-95.856966
-112.112446
-65.585436
-107.810393
-69.462428
-287.345485
-367.328258
-359.267544
-111.344778
-319.035165
-158.747088
-344.455918
-149.278796
-143.860750
-285.309459
-255.750064
-124.087775
-237.181739
-163.863129
-113.085037
-109.580650
-298.667839
-185.073111
-109.750026
-277.184942
-267.823384
-180.777332
-347.371041
-104.676343
-111.635189
14.323214
-23.907802
-383.332905
-127.269577
-248.513155
-162.381571
-155.811275
-110.590453
-76.398468
-118.454506
-194.016778
-109.005789
-270.241208
-121.661417
-390.215698
-183.738385
-119.137118
-280.660578
-91.531984
-112.792190
-218.535773
-380.978642
-126.191968
-193.624911
-324.154495
-229.223168
-181.906627
-147.481220
-130.229802
-83.075598
-95.191282
-126.638403
-52.601450
-152.797897
-54.734126
-309.943812
-325.820918
-315.353889
50.461712
-46.785789
-125.681405
-185.311039
-129.065554
-112.438373
-164.237445
-84.884392
-182.012755
-192.331644
-65.633026
-134.755841
-137.562196
-86.735781
-160.056271
-160.665273
-153.986321
-245.437662
-64.973537
-129.021931
-525.650193
-100.249385
-92.266547
-260.468733
-238.319436
-229.071670
-126.892292
-153.459038
-90.696056
27.111829
-137.396351
-53.630132
-157.170724
-249.567398
-174.128409
-111.138601
-143.042302
-228.253339
-247.279148
-87.461060
-130.345707
-98.567727
-358.992397
-91.313294
-414.019264
-154.575564
-169.961381
-92.911737
-130.608626
-29.522137
-90.497239
-95.140725
-290.089332
-137.281486
-108.785102
-133.395644
-167.278653
-312.663062
-179.352758
-122.597569
-223.750391
-121.424657
-149.103311
-64.559024
-148.385585
-44.095937
-108.837451
-19.754386
-85.899939
35.149480
-62.147887
-270.115000
-83.291111
-304.279443
-139.322579
-90.515663
-202.532662
-85.141102
-85.553048
-133.260833
-281.663210
-89.464981
-28.622690
-141.951633
-94.375746
-151.659499
-77.998164
-139.045463
-161.912422
-92.759162
-126.755578
-126.760108
-327.722063
-105.604040
-183.823504
-103.142362
-83.501508
-332.788302
-149.393970
-116.871045
-74.030074
-17.899514
-98.201903
-69.961225
-93.784867
-260.833253
-39.821392
-304.874478
-201.792683
-80.468324
-110.954539
-97.012632
-114.033133
-97.592220
-49.932555
-130.235196
-111.013254
-118.305882
-80.039154
-114.767312
37.416588
-188.271625
-214.890964
-100.959680
-78.155058
-80.565519
-193.356068
-178.399401
-246.799986
-159.482062
-119.007372
-81.862346
-134.013957
-62.937784
-189.663220
-77.533718
-102.195179
-168.889914
-114.557666
-119.216543
-133.946291
-72.093293
-123.525415
-69.578728
-85.350234
-187.315377
-100.561800
-113.505592
-165.805233
-107.610728
-108.217017
-137.344288
-74.744823
-175.851679
-90.770887
-177.060873
-62.278304
-134.840901
-93.225110
-76.939757
-108.156528
-116.320874
-118.749160
-102.642785
-162.247759
-117.492491
-107.825137
-42.636100
-89.310193
-132.390453
-145.574573
-97.485000
-153.572319
-52.360721
-206.555858
-63.484106
-162.433072
-456.921680
-261.767117
-62.499076
-67.891050
-177.232708
-111.514554
-86.803189
-120.284642
-87.728203
-86.263020
-87.474485
-78.683840
-181.515626
-73.507432
-87.279444
-197.777719
-67.504547
-294.171453
-141.725191
-103.217067
-107.469628
-81.436160
-235.672776
-94.172267
-55.900800
-63.187610
-218.177130
-84.138400
-125.077661
-118.111463
-40.152247
-120.815892
-65.496379
-99.456628
-37.937367
-98.576484
-102.854671
-119.525501
-55.510865
-142.095394
-72.011576
-120.575787
5.761715
-81.177364
-167.051443
-132.465532
-78.371413
-116.508952
-96.077470
-83.756738
-203.046186
-73.744579
-145.847308
-184.404186
-105.247514
-87.412524
-208.649161
-42.140835
-53.514702
-195.768488
-327.034984
-110.770576
-290.096063
-196.174738
-24.184126
-124.265986
-74.186206
-163.457986
-96.118082
-93.587888
-114.827725
-71.503573
-99.941410
-43.127217
-147.685272
-35.396258
-65.823396
-66.679276
-125.664825
-124.216647
-99.374178
-145.620334
-83.364694
-119.811569
-78.644236
-65.053762
-111.651298
-83.744077
-62.877682
-205.089964
-49.810364
-155.060508
-70.778827
-49.316033
-92.378240
-60.159352
-59.920192
-105.785658
-93.062038
-67.900612
-53.754327
-131.244460
-205.361626
2.100048
-39.879532
-121.941998
-86.924211
-40.526953
-340.048290
-73.274840
-78.409838
-261.697647
-83.868510
-18.068353
-190.935180
-271.751739
-105.225529
-118.065399
-270.353832
-229.829812
-74.837393
-44.091082
-96.732433
-92.328203
-133.413419
-242.460510
-248.934426
-47.218324
-64.778454
-46.262780
-101.338046
-187.417950
-146.061016
-62.604871
-68.556261
-128.211103
-102.751970
-117.064285
-141.576294
-99.300274
-113.905995
-57.905252
-115.041453
-105.981813
-100.579135
-80.088037
-115.653650
-184.482221
-89.552197
-52.324285
-162.991587
-51.298600
-82.875374
-94.984741
-82.505688
-167.737811
-142.402670
-38.917173
-62.053915
-71.786346
-76.435912
-204.336681
-89.651119
-215.419290
-102.883050
-53.564586
-101.152280
-98.026944
-95.561980
-90.416753
-64.803598
-18.201576
-165.660602
-171.004831
-63.436011
-190.726717
-32.350149
-195.199278
-44.484095
-58.679373
-106.999441
-399.947838
-57.188578
-136.999893
-123.848194
-41.684133
-312.855743
-69.336269
-69.823036
-118.876409
-95.106101
-92.784385
-87.172787
-356.744660
-26.355683
-69.853226
-117.350386
-100.441214
-103.197914
-89.369295
-74.848805
-58.559943
-104.590545
-32.017325
-143.347914
-25.545489
-80.015199
-43.186687
-87.923019
-43.253933
-85.663432
-126.132818
-97.665127
-56.816470
-54.176115
-155.660408
-287.526707
-144.996771
-15.542336
-82.471350
-84.346625
-87.388320
-106.492536
-45.577813
-78.513878
-61.458736
-81.635305
-129.171689
-60.527932
-222.492362
-63.955512
-66.006832
-75.791576
-73.192521
-158.362631
-137.407156
-48.574061
-110.272290
-63.021617
-61.138195
-94.768365
-85.379410
-35.444920
-114.514412
-141.323252
-98.070258
-35.193478
-70.562781
-206.318536
-33.092598
-29.001838
-50.141234
-98.014590
-89.484504
-55.178490
-68.887050
-27.576738
-88.733403
-61.928044
-38.648685
-57.808919
-62.463361
-106.986034
-87.661455
-89.884210
-76.164838
-74.047692
-79.783530
-64.989585
-79.731270
-63.566612
-80.663704
-95.125473
-94.115494
-68.118036
-127.926327
-64.190203
-72.636665
-84.762659
-66.683495
-66.982838
-56.290201
-14.829419
-62.191680
-50.454699
-149.413567
-112.233757
-88.433276
-26.494018
-68.092517
-26.541942
-72.623965
-65.790622
-30.759114
-159.583528
-59.217631
-66.802272
-29.697623
-176.581475
-68.984972
-71.442499
-109.637793
-102.088988
-32.915097
-96.455087
-59.803589
18.500309
-88.763965
-88.559627
-111.736649
-80.266603
-84.075819
-79.390631
-29.789165
-66.827072
-82.547759
-109.200212
-101.907842
-75.834823
-51.284487
-80.236885
-87.606441
-98.967359
-93.279339
-273.326124
-82.348400
-69.444415
-117.867002
-105.106150
-99.195614
-93.601507
-108.095932
-153.187979
-81.983663
-87.652450
-79.913411
-163.651519
-160.092170
-28.997742
-130.016516
-121.423490
-101.455429
-58.893773
-106.684276
-33.354012
-37.404137
-21.289714
-49.817873
-114.955934
-64.341261
-46.696078
-186.662947
-94.949581
-2.779332
-124.794024
-38.333809
-134.998325
0.597089
-75.026468
-102.174074
-34.452668
-186.629169
-83.248903
-66.248384
-101.688578
-58.274941
-8.741246
-122.543400
-176.608081
-24.049771
-36.446969
-25.815472
-91.744865
-54.021768
-17.231203
-62.743440
-31.467773
-77.931777
-48.946561
-44.235471
-28.659718
-158.225157
-82.162526
-143.687731
-257.550545
-31.431303
-147.123427
-39.088648
-187.770910
-64.682884
-144.560166
-50.577699
-154.845271
-9.706752
-116.987761
-85.417005
-146.666961
-193.440608
-137.935977
-78.377411
-207.275857
-25.970456
-19.364284
-66.078855
-46.619835
-64.312434
-69.091121
-48.191375
-76.980772
-37.228539
-134.731826
-70.448590
-100.250548
-58.052710
-95.897300
-8.632153
-33.887733
-172.437914
-76.110530
-18.665028
-64.080898
-90.241991
-28.000084
-64.910383
-67.339111
-87.367695
-34.207198
-75.673121
-39.321499
-72.567553
-99.318728
-106.157101
-33.731702
-67.448200
-120.845957
-22.834079
-67.385551
-44.405300
-48.647790
3.226429
-93.084115
-150.515283
-52.477282
-99.236466
-115.923985
-159.594927
-79.611593
-78.297025
-72.221173
-68.578311
-43.517999
-3.161821
-70.501568
-58.389892
-33.441261
-114.962575
-10.277699
-27.040995
-57.803739
-15.875724
-72.787635
-45.343411
-147.407660
-68.385182
-60.426556
-50.097001
-26.519478
-91.485328
-84.102885
-44.017871
-88.670714
-34.078811
-122.437096
-48.646245
-9.082259
18.167537
-85.029463
-118.641633
-16.934745
-36.238198
-82.564197
-174.830895
-3.985769
-51.564192
-61.165892
-105.046880
-129.723268
-7.665954
-84.171883
-51.739650
-80.383285
-79.118823
-82.375103
-72.975453
-50.262670
-156.606827
-55.816286
27.753984
-71.433311
-48.876559
-57.557295
-58.552716
-57.250813
-56.592098
-193.384237
-142.498052
-63.733033
-123.645371
-49.885339
-91.097329
-56.587314
-109.322926
-138.170632
-47.189348
-48.414541
-37.923214
-36.077576
-41.177850
-41.146084
-131.934304
-35.557501
-106.817292
-61.857493
-26.532284
-9.311029
-39.631827
-177.616625
-78.402555
-28.234313
1.942744
-214.220904
-14.792032
-27.203460
-46.549285
-248.610769
15.722483
-14.635045
-3.400451
4.096171
-317.308227
-44.135371
-50.360048
-82.925313
-260.370550
-66.634826
-76.657401
-30.983649
-64.338199
-94.851608
-62.080845
12.437485
-50.148796
-46.044088
17.780447
-79.494700
-29.570281
-193.253671
-61.914601
-33.899607
-22.948050
-134.270542
21.312594
-24.695352
-49.757036
-23.555198
-58.480314
-145.974703
-485.732373
-70.097936
-12.071742
-47.294794
-62.188903
-91.947640
-111.752908
-68.899885
-117.754976
-1.651974
-59.622155
-54.896098
-79.007896
-104.713954
-81.216385
-269.880755
3.308716
5.961498
-302.863569
-222.082139
-113.936455
-16.592518
-19.658514
-59.351174
-73.201933
-69.006589
-44.908980
-201.048903
21.994917
27.070145
-120.632182
-21.612128
1.862476
-13.541433
-31.089194
-44.249139
-26.789633
-293.944258
-67.493066
-40.208122
-57.531716
-31.625894
-141.941383
-5.014020
-380.671745
-141.924640
-16.565192
-80.114482
-32.640843
-18.835463
27.587177
-18.802106
-23.786563
-95.974627
-55.193976
23.105018
6.319267
-89.121130
-71.240573
-113.079477
9.204082
-46.257766
-9.791466
-21.669013
21.933863
1.556169
-30.015481
-24.891907
-56.100913
-37.051296
1.562569
9.143223
-16.321288
-34.019204
5.767577
-38.491862
-110.007613
-17.555318
-30.934376
10.579686
9.148797
-82.766261
-65.011446
-76.167656
-45.850570
-25.380718
-5.017279
-25.746974
3.141526
-280.889023
-30.573768
58.532511
36.132226
-5.087466
-72.540646
-26.112263
-16.484318
-16.936945
-39.320166
-39.733164
-10.169928
-33.935221
15.451611
-48.224262
-11.925800
-31.486943
48.629805
-2.207389
-44.557601
-1.575587
-77.481130
22.461095
-33.896714
-59.762997
4.115230
-1.465996
14.070638
-9.481024
-16.371151
28.633106
8.097185
-3.502501
3.038395
17.415057
-52.459667
8.205155
-29.657016
12.910932
-60.588472
-77.105670
19.134013
-75.429159
-13.249991
38.216961
-8.812328
-46.972603
-39.161190
-50.038687
-24.370606
-14.220156
-48.243542
-33.342023
26.835882
-139.374120
-9.386661
-54.236223
21.119274
22.191540
-30.210650
1.250376
-19.221096
54.275472
44.564798
23.652703
-20.255872
16.792165
15.246792
-66.053807
16.067728
24.985491
-52.621121
-5.845873
-4.317396
-11.250026
-41.180516
7.472186
-1.849651
19.479238
28.129886
-47.491000
-39.720752
39.322788
1.957562
0.203530
-0.801305
-72.107515
-51.935584
-3.500204
-55.052362
-16.503790
-30.856261
-34.628204
-9.336551
48.090580
-76.163106
-18.774166
-64.286054
-59.994155
18.178699
-4.694102
-101.411378
-157.309364
-4.865998
-138.733516
5.278778
5.156189
-120.314899
-88.422491
-46.899473
10.484823
46.435154
-30.543394
-203.757410
2.975490
10.666489
9.162183
-25.501097
-15.022388
26.353098
-15.287152
-96.761097
5.070132
-7.774008
-71.278369
-63.609942
9.593666
-32.851052
-9.710498
-17.022980
21.000116
5.071202
36.567318
19.314423
-289.423596
-35.191635
-193.568742
1.254370
-193.173334
3.426855
-326.534041
14.498352
-20.533915
-205.005691
-19.340602
-8.952753
-14.789109
-34.421712
1.810000
39.257172
-33.147173
-76.117164
-52.378290
-72.312709
17.987309
-13.863328
35.085082
21.350476
-86.451559
-4.545392
-242.147802
14.584432
37.208207
-10.933175
-67.244568
16.431467
-2.982026
-115.475721
-50.720884
4.411232
-14.111794
-75.805591
-68.475797
-47.205238
-77.876181
-19.922426
27.829791
1.057103
82.324823
-32.339343
23.462239
-13.237579
34.330890
32.910235
-33.120576
21.916391
-180.385704
-39.433837
-19.878238
-25.774825
37.402612
-4.765115
23.750511
-9.493904
49.664143
-79.098922
31.787253
-23.768372
24.981399
-1.981781
-33.796746
-69.405510
-13.878700
1.750207
7.134327
-66.380768
16.143218
-57.646681
-185.915881
-89.102215
6.445192
-387.162665
5.249266
-43.092693
-294.578577
-274.822490
-60.498324
-24.736840
-8.333228
28.742113
-118.723508
-55.170840
-74.264283
-7.717072
-11.237720
60.043086
-200.558160
-41.155701
18.683421
-8.705957
41.656365
-194.088475
4.691603
-110.009128
36.697624
-203.924070
14.775196
29.873298
-44.444599
-28.353080
-195.713066
24.463083
-125.961283
-0.151326
40.264331
-16.749160
-0.620040
-163.325131
-60.364611
-6.268314
-29.642666
16.342759
-31.251927
46.390483
-9.285850
-47.713000
-14.385254
-65.946915
-202.681766
29.237679
-6.017663
33.168372
-68.500876
-6.472945
18.781604
-162.102476
-26.580850
-256.668554
-64.223547
-13.494533
-26.178269
12.849232
-28.335560
-47.342750
-58.826965
-11.093948
12.961552
1.726303
21.714217
-31.092586
49.931621
31.399252
-37.934688
-394.666862
-93.895602
-66.736258
-13.196230
20.666527
-322.489583
-313.599033
-70.230466
19.556973
-93.899409
-102.460594
0.361499
-76.824254
-6.767145
-35.343622
35.850756
-5.889902
-87.632537
-97.480701
19.546104
34.379727
-16.434137
-285.822503
22.031201
-90.008842
-183.402178
-69.338605
-26.691281
-72.010925
-60.191738
-10.992944
15.819142
-2.033201
-68.732345
-22.018045
-338.792102
-124.113972
-134.498915
-26.256981
14.590496
-29.641419
30.752368
-63.440620
-190.180526
-6.701220
33.876471
-22.131369
-38.688278
-278.721611
-245.843684
13.268497
1.427853
25.510263
-33.302823
27.442512
-128.880984
-5.055837
-16.215751
70.718285
18.835590
-12.321916
-98.080407
7.538066
-41.870767
-8.594994
-27.721294
34.627375
-60.480973
-196.878082
36.676582
-76.165603
27.449885
-170.143577
-39.660886
-10.565273
13.670354
-112.833359
34.040848
-39.525162
-41.240203
-19.788863
21.327405
37.499178
-34.491772
-200.592114
-119.290054
-71.810278
-60.585093
-29.655261
0.236848
-62.737998
28.008231
-15.108459
-24.541293
-73.222791
-3.581230
-192.221428
-352.763799
26.582947
-12.529674
-17.068147
44.175183
-10.007645
-91.732245
-57.371867
-100.981269
29.861270
-251.506255
20.254439
-105.288357
17.140280
15.694479
3.053078
-44.987594
-106.820549
-434.807648
-58.419829
-29.305634
-13.397202
18.450144
-217.721375
-8.939592
-38.329254
-178.263877
-14.980389
-59.843601
18.177205
-77.222444
-20.542629
-71.411300
-211.629590
-9.898526
-69.934790
-286.108927
-10.490903
-17.252911
-74.228152
3.541490
52.785857
27.122931
58.106770
-162.024801
-75.357625
-3.816373
-107.398792
-35.471296
39.865639
-36.206440
-220.625850
-54.147620
-42.399131
-20.907027
-1.148951
-4.114655
-415.690949
6.539801
-16.918146
-21.737611
-4.528483
4.851068
-43.250189
-20.414730
19.866562
4.177880
-45.265468
20.180842
-244.339245
-44.198844
-40.137687
14.251190
-106.162114
-128.441267
-47.410333
8.319137
-6.557219
-9.408935
-25.168604
-87.616822
-19.560140
17.307427
-116.621559
-36.073332
-29.695587
-68.358349
-16.414497
9.944150
-305.530703
-50.642883
-281.487688
-66.767747
-214.773967
-198.569962
6.625138
-12.074662
52.745814
18.194499
4.251939
-30.835798
18.215178
-67.590985
-48.640064
-0.196735
35.163002
-67.487719
-8.549945
-72.351250
-13.101054
-3.057317
-197.721423
-24.743804
-1.121801
32.746936
-20.601304
-33.480333
-24.780764
-59.170279
-102.837593
31.360148
-100.141379
-54.560789
-140.110177
12.251866
-66.704073
-24.194038
3.816450
-7.904658
-89.132903
-13.082499
0.799185
18.534754
-42.526708
-9.402546
-8.622522
-5.780182
-33.294359
-109.388089
-45.668333
26.064277
-76.807804
43.393716
-44.453914
-22.876044
-32.366196
-64.151471
-0.845238
11.074765
-60.875841
17.499483
-11.567669
-38.162632
-7.227891
53.365556
17.791304
-13.253872
6.886724
8.218654
-12.097012
24.815725
-18.106026
16.190929
26.019230
-24.409835
4.085065
-1.971053
-2.250365
-106.417507
-11.431404
24.928915
-3.691478
21.495804
-41.579943
51.745307
24.198173
-23.464962
-3.876390
-8.152682
7.761538
36.352406
-22.653802
25.995738
14.403209
21.786615
31.262165
23.810678
-9.699584
-77.557385
0.155279
20.687781
17.012265
-35.181463
-92.471290
-214.615472
-1.330918
-16.791537
-13.021430
8.898613
-5.013352
-76.608237
-22.940630
-10.940376
34.627436
39.676730
-17.217759
-151.452754
-96.962721
-28.650134
-7.319099
-43.651248
-24.826903
-45.459975
-59.287832
0.121047
-5.574846
16.930703
-78.961177
-0.016839
7.304576
-3.124849
-43.574544
-141.963103
6.853485
-102.440427
-144.965788
-42.646444
-113.477598
-67.117374
-299.879512
-2.678759
-88.578463
-237.241645
-30.906499
-44.130666
12.190548
9.132821
10.505610
40.702070
37.393584
35.440822
27.203585
-9.808791
-320.242868
-1.996251
-19.539404
-49.876647
37.614970
-10.543438
-10.065901
14.391216
19.773857
12.767418
-253.076803
5.492514
18.585268
-81.775046
-317.086266
24.699128
35.428125
26.481066
-15.869369
9.073618
63.110768
16.414211
1.285593
7.877962
22.516421
-100.901854
-171.637461
-0.205094
-273.776166
-67.017137
0.218973
21.670205
-175.411283
-39.284730
-97.409727
-13.090299
28.353157
17.026084
-48.187277
-215.042670
3.491400
-40.293660
-57.341358
-29.862918
-330.622208
27.804718
35.017311
-4.557383
24.168192
-18.701476
3.998605
30.556430
-77.429306
-50.340477
33.788866
-56.810577
6.277471
-4.133055
-78.465409
-35.472719
35.010418
-39.036763
33.776002
-43.894341
-51.687572
-28.029800
-49.529107
-21.267333
-49.396070
-0.671415
25.646489
-40.048941
-23.887255
11.128656
14.065315
-55.895912
-88.228423
30.925161
49.901972
-75.119842
1.569432
44.471040
-13.382398
-17.100154
-99.025385
-33.366401
-40.620429
-57.035220
6.255507
-29.928020
4.723216
-72.531049
2.403521
6.446436
-15.348963
1.207928
-91.212765
-96.284908
28.100092
15.640954
-50.474054
-78.812799
-53.666041
37.997706
-12.507384
41.680981
-2.626780
-18.795624
30.111493
-21.798993
-11.676196
-447.257611
-19.447809
16.164846
-5.432615
-44.596281
-27.806300
38.087642
26.175554
17.086107
-79.099999
-25.829767
-16.084248
12.360961
3.816562
15.905080
-94.671203
-10.614732
-35.551040
-23.539114
-23.711867
23.441415
4.166589
49.466753
32.379404
-26.615236
-101.899513
16.880652
17.299221
-33.929445
-49.241369
11.999379
-9.832852
26.448500
-80.141979
-40.196552
77.843532
19.489302
-3.600939
-43.554202
-173.009667
20.823573
-189.822910
-36.124870
18.810931
-21.710471
-4.801568
16.984037
46.788735
8.146922
-32.647551
18.343170
-27.751051
-7.145532
-192.197368
17.736299
-86.414157
18.546821
-65.695430
-1.506283
10.574086
-272.278422
-18.422500
-10.370719
-164.846185
3.630552
-184.853310
59.774115
-48.426422
-29.180137
-74.616843
1.117225
-37.284555
-40.586979
46.075233
-17.592582
-5.462897
6.221997
-83.697584
20.012641
19.024407
23.627379
-61.147470
-248.081688
31.302471
-231.052888
0.274652
-209.108596
38.559490
-27.369870
-27.881141
-23.036630
36.293315
-47.071824
-96.176386
43.935082
-85.978939
-86.866074
15.305410
50.147572
29.771980
0.214492
13.737971
22.953476
-73.421242
-18.295854
34.852908
43.328297
-150.495499
-6.380520
27.874147
-15.882111
-56.872859
6.577502
-26.724157
-31.130669
-6.739667
-0.372757
27.987906
-40.212189
76.548396
75.259852
37.435924
-19.130772
15.818914
-207.039535
26.206920
39.745711
-35.816206
-8.170618
55.471302
22.909285
-27.901081
-58.288102
-42.091537
12.423599
23.517182
46.463974
34.503129
-2.437197
24.736187
-38.534631
15.437898
23.281502
21.627737
2.725350
-9.361551
9.610150
-3.552737
25.144970
49.391674
26.422769
-6.980563
-139.203542
1.015457
42.111572
16.196698
-49.662832
-85.072276
21.270033
52.401498
-10.780590
-72.244461
-0.815296
28.984599
5.698251
-3.755008
-17.882109
12.366371
3.031245
-67.911162
40.295073
47.293783
-7.289539
-63.905205
26.929265
-48.371172
-85.285900
-44.706140
-35.861008
-46.554984
40.921415
2.011931
17.251822
-8.975805
-85.556358
16.321993
-63.691461
26.975207
-5.768937
15.030461
45.438497
1.493070
-45.384056
-29.465232
-12.505256
50.045531
23.218684
-24.376483
6.640257
43.508969
20.480454
-1.335601
5.641516
-10.280551
-207.404161
-120.572124
29.022458
-87.653058
-8.174639
24.808032
-12.319264
48.318841
-2.476779
8.093578
24.964361
-196.571047
-11.808187
29.323454
-28.586400
40.967503
2.837560
26.803233
-27.816579
39.920351
45.473421
-26.703665
-2.818751
-70.229785
46.129374
52.751272
63.318200
3.644168
-134.218080
8.783724
-29.612472
-38.678378
15.039207
5.734376
48.490229
12.156645
16.684875
-2.515120
50.361686
-10.923709
-109.541893
-15.731882
45.257022
23.463980
1.619087
8.449467
2.498109
8.905932
19.729598
39.220073
35.907118
17.717661
-18.215142
9.775073
-18.699848
81.898233
-24.744690
20.734623
5.004169
0.977055
-0.319948
49.590615
25.239672
9.371464
104.753851
39.600245
41.148401
18.505762
10.749879
38.777738
-17.117412
37.551950
32.795640
8.701187
79.138331
71.458025
16.077565
54.591017
-21.377985
-24.121342
57.567475
24.349892
27.245391
72.367963
56.495440
-114.024721
-359.843307
40.199391
24.976118
45.829440
54.440010
19.757314
-21.924591
22.001260
31.214647
-2.083737
8.726399
14.379313
-6.999830
29.384997
52.423878
103.135668
69.393467
65.638737
76.907724
82.252664
69.116696
-15.168374
8.326949
44.793852
28.834376
1.984457
29.507002
45.297897
33.577460
58.442755
16.022664
44.516350
65.219491
54.053685
6.393233
-73.595991
-32.198524
46.092571
45.772250
-117.716674
32.779870
-87.605741
10.265851
19.414029
10.164470
-6.832999
-8.708608
20.980190
1.118358
32.002956
-231.509929
2.663414
24.639963
-120.489507
17.343493
28.492171
10.518421
38.023931
46.538480
27.075991
33.827433
-1.914229
64.252926
75.386774
48.319655
49.849428
-8.295640
34.358728
-165.334954
52.442299
48.189738
59.611674
40.081555
34.114355
13.868105
-41.934461
42.806245
34.289373
38.841967
44.714157
-4.645054
-169.688739
27.657540
35.793475
13.314735
8.518163
-16.563690
-7.763784
30.530619
-16.281107
9.225470
-65.014641
6.049152
16.135531
6.392954
-35.337919
-329.622287
-4.180018
-451.368055
-78.368935
-38.046775
-40.304084
-34.495182
13.208128
32.154462
-12.884270
-305.484431
-60.168774
-284.371728
-134.291194
-6.416402
36.074462
-10.348204
-20.429154
-14.719984
13.928620
-32.343146
-32.870151
-36.085691
-49.007186
-9.608199
-71.371829
-109.824887
8.685738
-57.798002
-64.857402
37.127802
38.423946
-3.019628
35.395229
29.497881
11.132612
-0.464900
-23.587709
38.738262
15.935721
49.800987
-42.679479
53.744599
-104.232222
11.451276
55.683117
16.880400
-18.972989
-2.732831
8.536400
42.957309
11.300702
44.611047
73.161350
-88.350313
-52.671359
-17.395252
57.775250
53.118208
75.041816
34.033987
11.687455
32.604133
23.438253
2.923926
75.934685
-16.007736
-2.989330
36.737181
-22.737160
18.054288
39.578695
28.111849
67.160992
55.251051
66.303211
1.358938
34.870633
68.808379
38.276030
60.376287
-171.609039
-38.001922
41.300727
56.867857
65.665448
24.458548
21.117836
27.455190
16.849476
-155.844321
80.434203
49.305520
61.233157
62.773421
61.262262
-25.440262
60.289720
35.067799
44.991500
28.051221
21.039492
34.168777
31.213658
116.050402
40.778762
61.259508
-2.781516
35.863104
-80.616052
28.803189
26.960322
46.744965
87.319311
-29.220804
65.511793
-216.221535
36.951656
37.176629
47.001880
-32.953147
42.291947
-6.721401
10.922433
66.554149
45.270966
18.150757
28.081414
67.023039
42.425054
57.957650
-102.238470
43.447458
55.137771
63.495505
41.646771
21.618092
31.023434
91.982376
69.067574
31.194426
54.772162
17.335551
-74.852334
29.746585
85.809215
71.000527
47.830648
68.628905
-22.874165
64.801806
71.238713
41.586959
88.852016
44.291867
-12.243665
44.102368
-23.741031
103.992109
22.441337
100.460467
46.546043
63.402549
68.802793
51.593496
49.631657
72.484520
61.106364
70.984656
92.221217
70.418857
27.859747
43.904500
14.584297
101.242842
16.900694
21.394951
-31.464436
52.195875
1.350688
52.977748
13.381498
-1.132999
-56.831816
-8.916760
43.485887
55.877686
-7.406564
6.486329
14.043915
-199.779680
53.480201
89.507872
35.236586
20.463808
5.727737
-6.198237
30.342422
-185.627532
2.669122
50.991752
32.694695
55.578274
31.112136
19.733691
-3.212377
0.998154
-50.572548
25.094231
-63.382378
-23.186634
-1.136219
45.106857
7.191739
15.572714
-33.764931
-7.929206
-30.186718
3.048680
50.207621
23.964825
41.434635
41.126283
64.716402
-5.169084
18.141209
87.325147
70.041644
40.110118
-3.567034
-74.208293
-257.766760
-112.363747
29.529134
50.257085
26.955378
-9.050645
29.222603
12.174158
34.016055
32.697918
-89.573321
-53.886077
14.502665
42.051344
-92.394615
-20.172919
43.504129
14.885265
29.024427
18.999605
-145.846459
43.877757
-44.779793
34.719923
1.309844
-178.045996
74.974057
33.333110
58.613442
-139.239517
0.441240
-18.257584
-14.237477
35.964638
86.011150
50.260377
-13.680854
-14.295865
-2.549983
83.748592
66.269288
83.716792
-17.247239
-30.104686
-29.852050
30.494674
-9.268031
50.581109
2.833236
39.137822
-43.062540
4.448650
-20.916368
46.476740
40.923993
13.928601
74.992999
40.453357
51.995137
-33.240990
-11.523721
32.570305
34.084763
59.444179
65.665496
47.740938
-63.636603
74.738575
47.412453
28.491611
21.413841
25.143259
44.490003
29.240043
48.727319
-44.287202
3.085499
79.326807
69.307998
43.666688
89.890698
62.702020
12.326160
10.326809
-5.295369
100.825072
58.729503
70.627652
-4.019442
22.116282
-87.176939
21.954378
-45.080637
-35.495255
70.797608
37.629961
70.158472
10.497590
73.720183
43.843658
46.837713
38.978954
43.613306
40.848120
-35.405656
-79.626554
-30.000012
67.227444
40.927265
26.687580
-6.450023
-0.739395
5.715388
-32.358437
21.129544
-136.551512
-21.245207
-86.208514
8.111950
-10.939777
20.702182
79.702467
34.970505
49.531436
-35.401355
40.489417
-17.668132
37.396858
2.438252
60.098936
26.295995
20.386515
-5.987459
40.622459
24.425819
-93.311042
64.131246
-106.687090
98.909248
55.299246
10.873525
94.656718
68.407161
-14.708989
52.969367
65.019065
18.607777
47.471180
23.180526
-117.174298
-1.563240
25.034501
-244.928667
1.463642
-107.426923
98.774509
30.054008
48.475531
-26.245023
-61.329478
48.324860
43.082309
57.026357
22.450725
36.793531
-63.226902
-41.378630
63.168169
64.787412
27.731506
-0.159340
54.662270
19.785535
58.888998
19.211348
66.472424
51.424257
92.554664
86.517949
11.815951
-3.403515
66.140729
81.853332
76.328674
67.295816
48.313060
73.840330
7.407448
13.323425
45.272188
44.393841
11.243952
29.505967
21.032666
52.683521
26.995292
54.402379
54.794293
61.320510
82.398238
64.772952
32.651900
73.290922
72.280326
43.573311
47.126273
93.977348
44.888120
65.227027
45.590398
21.750840
66.069408
95.243788
119.490739
101.991220
103.425374
42.372891
85.044187
56.586887
96.042808
-12.050411
38.873671
101.646390
29.499063
70.019916
76.363412
86.462792
71.670383
30.659576
69.121337
19.983298
96.340094
24.732228
67.309081
80.355786
52.513481
71.440581
75.889362
74.471045
89.110884
42.201845
68.513503
37.743081
73.543256
41.446448
99.309790
38.968464
29.187329
-129.752862
67.365832
48.040938
-34.569814
-0.385706
35.862209
49.636789
112.084530
-52.470520
63.842432
83.942755
59.089178
55.760963
1.380497
52.860922
38.055462
5.575688
86.134502
79.541493
-12.314595
87.465278
89.022738
75.056469
2.342081
46.101800
95.156725
46.801136
89.277814
63.666904
87.967437
96.554839
39.857746
74.405747
112.147887
68.085163
44.071309
29.551124
11.641665
46.028390
45.449408
124.546995
85.197190
39.191534
62.437917
-318.843346
86.967331
90.636483
94.983448
-5.529765
49.771122
69.653993
118.094086
17.075189
107.835931
2.922073
97.437935
46.718433
43.478505
133.068017
19.466097
60.362268
63.340703
64.254919
105.350620
-8.527133
-246.724102
49.299666
23.886215
48.709126
-28.019149
78.119261
-201.510395
73.746217
46.745019
-7.495721
41.091756
90.136686
20.781849
51.095529
-24.286039
-20.048988
72.105023
-53.248393
62.688867
47.187581
9.597345
17.710188
76.141958
63.364523
27.485666
46.655031
87.004507
52.567034
37.232076
25.819475
53.810911
54.112406
56.403491
24.348822
31.012306
109.146579
49.284162
45.382762
81.533896
70.845255
78.028225
62.296485
-252.209852
-22.135722
36.669939
72.318997
91.615173
46.927534
20.384535
41.331433
33.488202
84.605585
14.696559
72.209425
87.124971
69.039675
110.174790
48.806092
75.462856
-6.121241
23.488488
63.183200
110.210203
75.604442
88.227346
99.303653
64.131331
76.545602
0.264955
80.307938
80.382226
106.387548
37.823970
88.025638
39.518213
75.670073
49.487578
105.419666
46.584789
96.220552
73.883608
11.662811
36.003653
-64.951388
68.586312
70.153745
43.968516
21.960319
78.756471
21.478663
-98.421470
68.131062
35.377025
2.392495
39.124343
39.720449
84.888513
107.572737
44.872403
65.142497
59.150934
38.548893
-57.488675
46.086255
-251.023028
49.085304
-227.653058
23.544956
22.264805
39.612270
93.965468
110.243866
34.802197
122.809806
69.471944
68.410109
77.284317
92.364825
76.942832
59.209331
50.370470
-76.005470
79.954246
-244.111333
13.087924
59.833268
95.913608
41.749731
94.535796
-8.450222
71.157356
87.322299
34.855859
50.152038
100.650147
47.322337
51.355172
106.719555
136.900225
63.885731
46.790491
123.081952
64.113280
90.517375
76.558579
47.827536
80.681534
95.187334
81.799805
107.698914
121.829045
115.403486
78.781795
122.745599
82.388935
113.933770
33.129578
103.254598
78.135436
145.814559
74.934344
106.410090
100.373183
142.743632
69.241650
118.549459
45.304226
105.156953
29.692616
134.066571
56.587493
-12.606564
111.335274
43.945840
55.288306
113.922759
42.340903
78.315779
70.306858
86.141055
40.356438
112.125008
71.338597
97.466238
77.395902
21.734968
3.833517
120.700396
4.460166
95.017283
92.583394
69.379317
56.182222
93.040537
118.407037
91.703642
46.570874
98.320368
108.297835
58.309929
99.934224
54.184850
97.047950
55.938803
118.384985
103.699301
85.583041
94.288717
94.282093
138.736275
106.922799
37.521819
87.456490
132.982906
126.328926
121.952161
76.000755
57.399310
104.391977
91.553906
121.863333
83.643062
92.366140
83.940829
92.213351
-91.963132
53.850879
75.936636
-191.917436
74.085671
117.295960
43.958136
41.055945
76.769017
69.516442
58.639298
-18.053061
75.375423
91.776027
81.365213
79.817156
123.130364
72.794200
20.523918
75.792429
81.045729
-270.723598
104.558081
55.433723
79.577926
86.399022
77.093821
83.300428
99.151305
-30.354915
115.219548
81.606242
126.394069
82.629754
53.511651
49.113634
109.269319
23.291276
56.420696
30.268146
46.326779
-48.303613
-16.691921
-199.156369
2.275597
41.946104
98.596929
79.706978
32.665350
14.282718
15.326693
-156.829581
66.614375
86.895228
7.926514
115.753387
-171.804596
90.284155
0.074688
31.832035
96.829627
79.125684
45.461320
-14.290955
87.688191
90.573128
75.479826
-85.361580
-175.176991
112.897977
109.501760
74.151543
80.097455
46.329782
84.607329
17.374513
72.707507
-5.308109
67.448372
6.618983
63.823626
-302.617333
55.736874
46.635819
42.213528
58.442988
-162.379269
72.038134
35.253639
81.724027
64.331266
100.979431
97.109897
51.364622
25.408346
96.002726
29.706990
-186.374863
49.277452
96.931573
63.588108
3.039995
84.652023
38.022095
50.526490
91.918172
61.675552
112.245836
98.401768
-39.189765
-62.311450
97.450941
79.688063
92.018012
59.066747
99.106245
84.946855
71.936718
61.087244
95.960654
35.885510
131.558774
20.705108
-22.418533
128.080414
-221.507208
-8.358816
126.693095
110.490694
82.648657
85.234617
85.746290
87.227997
116.455711
8.785489
73.220048
139.792405
41.657625
-200.568862
113.317807
-29.858441
90.349039
100.038575
-74.068322
70.587950
91.328473
7.472716
83.572573
22.632196
79.373090
-60.826056
0.013935
133.649522
128.792510
112.942168
120.040611
-86.161768
53.314984
0.500241
-274.816642
74.474543
57.633243
1.128377
-16.814568
32.928101
-96.959946
74.133655
67.582131
-28.365487
117.205929
94.185871
38.594248
129.360414
84.953250
81.808311
110.266290
110.480957
13.169388
113.510838
53.655821
-82.852739
75.268071
60.899160
120.236354
-74.883265
87.410804
91.726905
100.944062
-12.984298
21.350198
125.209170
140.399204
21.236046
-39.738519
84.130045
107.853391
112.950110
65.960024
85.696970
110.043332
123.656428
33.841075
120.939254
85.155964
94.540672
32.017039
115.250290
135.100748
86.857883
54.933352
70.810645
113.392865
111.766633
94.083772
103.765081
90.528618
76.877252
116.980826
60.240444
132.674566
93.017276
126.162226
109.362414
98.782274
104.794937
102.368970
104.714101
61.425349
53.738764
104.024045
78.094862
109.832562
-173.670433
-434.359589
128.151288
-35.784196
98.860340
119.833598
148.064235
-31.823087
137.282479
99.318282
136.412680
74.622224
43.183928
117.638511
56.779096
108.263381
112.703005
6.868738
78.048863
123.126393
147.435606
80.802147
25.311327
73.395689
118.925864
136.142519
104.059112
147.760333
149.530420
126.763221
17.745259
165.660916
97.895195
104.369201
102.391910
21.794623
127.588084
43.078107
99.715934
128.262344
73.573463
27.246479
89.664029
5.473491
132.883099
62.480494
99.345533
141.704639
27.807237
108.377713
101.902677
34.060187
74.175128
20.071703
0.939719
26.270195
19.837263
18.253543
10.852228
94.345699
23.770511
126.660585
120.079343
19.277545
13.738106
117.259100
-97.365557
37.599721
55.329897
20.428924
-177.585566
118.448381
102.942819
55.202334
77.784250
-213.007471
-293.374782
-137.144324
89.329321
59.825488
-84.590814
21.591163
-21.048305
40.694146
95.864757
108.745771
51.056343
-55.954791
100.983411
37.683203
68.137305
-0.726932
70.195824
48.916349
-1.821332
40.358247
32.474200
95.668821
78.932662
63.420950
46.912727
71.371844
-223.375377
-321.378601
21.365628
65.291748
107.649498
39.890644
94.967625
42.097845
-546.079614
-190.784509
16.524513
-96.265626
30.068184
48.001986
62.291543
-385.924920
73.964226
27.951262
72.889101
41.831327
44.600975
80.480406
6.255123
-181.286115
2.664019
75.835912
42.421315
77.972910
58.273955
11.903184
89.889401
43.942919
51.134701
74.166345
95.209680
48.424913
61.849805
52.401070
121.535031
-27.792065
83.680303
48.870095
123.088211
117.297533
30.858615
71.599129
121.134672
117.877929
134.206162
117.589887
129.423340
131.163335
60.896419
-27.910438
106.505558
90.135736
55.048509
-224.657542
107.940066
103.416421
18.041656
76.400973
54.741026
49.846751
85.654635
122.316045
56.393340
105.251662
-197.448227
97.390288
104.317585
43.398017
109.925385
66.617770
-155.104575
92.950515
98.750151
115.618770
70.858367
83.050101
103.990243
60.865466
10.800982
89.804476
93.985652
65.742215
11.739407
84.306662
75.094068
-89.921975
70.408983
65.334110
62.167477
-328.782604
71.759691
73.784955
104.212384
104.101715
81.941583
129.494722
3.341354
52.097547
64.676404
77.400149
92.059169
104.802694
-190.542659
108.324034
98.662568
34.025300
22.036824
103.564364
53.119340
-360.278386
-41.442242
97.837144
-315.449843
90.664875
67.277945
79.849060
-164.990354
122.166701
45.513636
57.329759
113.465792
68.442478
53.503755
89.066456
38.383527
105.932486
99.497958
15.342862
99.395005
-176.934923
88.228302
62.891545
41.960472
106.967719
-21.385941
87.963775
51.026773
58.900140
70.850998
79.956876
60.911959
88.554930
89.540160
61.449484
97.467441
110.204521
9.747629
99.122302
88.638874
41.463161
128.085826
108.222131
-132.177586
78.380556
117.114892
-165.234820
119.751212
110.421806
93.600333
96.804999
135.429841
110.843290
117.783289
114.506497
108.081661
29.074070
-209.169710
120.258920
119.069449
61.218869
93.813697
129.711203
36.480086
115.305296
105.068426
147.596602
84.092128
123.246592
80.369486
90.321183
71.349258
103.995619
-264.608844
49.791437
-5.165461
88.013657
79.628064
29.718662
106.570116
100.540417
98.017520
96.381686
56.591271
1.847107
118.416729
-65.592979
108.504474
73.163264
129.091061
87.869940
103.768913
100.635939
57.152772
52.263609
55.331540
17.767091
127.171358
124.602031
116.719521
138.715657
112.944146
63.368803
86.793859
75.457974
112.796282
-280.080364
-5.657838
64.764372
134.178498
-195.980074
62.195174
117.646367
122.196779
125.308547
77.589330
82.222000
5.573225
-27.412582
117.652273
112.770301
138.989970
94.742314
63.015319
107.547526
128.431240
40.178572
-361.796059
72.880356
-55.532573
-23.898012
112.405909
40.217392
67.482255
-161.580157
94.840890
-73.874967
74.395861
-97.348681
103.137632
117.332341
-386.333541
91.849535
119.310936
-57.081593
89.183942
99.491097
116.562240
91.510504
104.507094
49.233117
101.847437
59.494782
123.458374
90.937897
128.098603
118.542955
116.243949
91.557669
34.066233
101.447370
106.610681
111.849624
62.291946
75.699112
74.820230
78.591900
157.543532
52.035753
119.656791
64.179970
124.858737
113.312325
37.448893
142.043972
51.540241
37.786614
91.120658
-504.057573
109.027563
97.912718
95.814033
-278.964615
94.595107
57.807796
56.006704
-180.968317
97.489537
74.861308
120.882482
113.029849
118.423191
136.463343
110.046124
108.749461
143.359937
71.385422
57.815139
106.281954
106.564474
147.626545
127.631688
114.204410
129.534796
125.378522
104.966816
100.823268
48.868911
99.466157
120.746220
108.597743
63.627343
-25.985090
33.090973
66.133174
130.902209
128.131590
113.111746
143.425912
156.581656
100.923480
19.363442
102.945318
102.756067
114.032431
87.486598
79.286332
131.175986
54.507164
97.386141
-190.048242
152.508717
106.396330
74.547575
102.913689
126.899542
159.909999
181.083344
104.317555
160.490449
58.112022
130.615409
80.475404
110.624353
133.024135
106.409592
-24.529199
114.408372
117.203102
30.475125
127.672904
158.237361
108.833813
104.925904
55.628307
133.506150
152.305406
101.525294
146.985063
164.772794
75.510896
132.534303
30.933171
71.151919
135.247441
157.306830
125.316396
125.164126
136.378726
-241.023338
48.394138
100.463204
-120.883755
110.783768
153.163163
73.949690
115.772534
38.032062
104.199003
110.072792
71.965336
104.872726
91.110871
131.762157
146.583821
55.071729
68.642780
83.608474
92.667382
144.804148
93.021735
122.554466
125.469616
148.438515
64.793999
145.167343
134.623846
55.816487
31.658034
98.028179
139.653991
117.510569
83.102226
135.074971
104.613132
146.978287
114.140681
129.790184
121.178152
126.873726
69.679710
103.727373
153.774982
121.107526
130.137175
69.982312
45.204598
139.229007
77.424424
88.380092
142.314578
116.565300
76.129603
93.910552
109.556040
70.787582
83.649993
59.259902
61.780156
95.125799
0.608813
104.920277
130.495498
59.685881
85.515727
94.461043
83.321463
132.764119
125.497302
102.681958
88.478822
120.488851
32.353629
134.935256
82.362660
93.811495
59.123834
89.511906
117.102764
160.089183
-216.492273
55.394079
123.899524
130.956083
71.996685
32.354138
119.992347
-10.431025
108.749748
-248.389269
105.447781
-283.637840
108.231589
154.969710
85.434990
-221.433269
130.849435
91.313596
118.077245
120.337559
140.684875
144.322907
88.132564
112.247137
65.696098
56.215041
107.112597
151.864407
111.156081
97.018287
89.815851
-65.513621
130.508903
103.202766
112.111754
145.526044
129.425890
131.753302
132.977659
-47.547622
49.022982
93.761521
100.236473
135.599757
125.839825
86.130423
110.493097
147.309698
126.432423
38.279922
127.169917
125.784600
-279.562526
140.661363
-328.985797
80.981703
102.157334
60.985853
119.015012
126.830261
51.024527
104.629451
119.147489
103.917888
60.506697
156.142857
134.754035
126.844324
113.659410
111.831916
130.285392
86.187485
121.760794
-238.288600
91.742989
127.730539
128.192564
103.864314
124.457857
111.785921
86.237382
143.267649
58.185654
110.122832
127.627577
117.207064
129.681660
26.098939
90.517128
33.773100
135.983083
110.876729
144.344708
141.287994
108.289204
125.472690
111.981053
109.838263
120.036580
167.536793
111.559185
91.587715
87.850301
134.197240
115.790136
131.271005
84.188165
141.603549
152.094473
108.691369
129.883697
125.229612
59.575425
81.952920
143.416423
125.216382
118.971579
153.567475
128.724609
20.945005
150.042606
73.575601
156.553827
125.719938
118.824199
130.049223
104.448553
149.122808
114.848543
156.796940
151.015323
19.569748
159.562945
127.372858
99.108377
125.545134
-2.560064
95.572894
161.281945
140.677457
138.994982
91.120154
132.716541
94.227897
144.066912
100.990513
156.533131
144.100841
141.550581
109.172124
118.073627
89.768949
138.271250
68.082495
142.818507
146.491035
105.868716
139.971311
160.412284
136.753172
110.037443
171.982339
154.739962
93.323118
145.690837
145.233905
141.217908
108.971622
137.935020
118.699200
139.255898
53.864080
138.113833
134.044787
49.562399
105.130516
130.124953
138.616218
146.053246
115.859886
45.890105
88.540633
50.543801
155.702050
173.139745
48.899860
24.620912
34.774884
145.035925
14.780887
115.339676
154.064182
143.419164
111.295291
126.355013
87.050655
-8.922367
158.925976
109.395761
154.567049
127.706484
160.793848
108.401202
111.589245
126.710715
126.648715
112.294503
109.792133
36.623243
54.361810
110.875982
135.390044
141.191000
113.996793
114.862156
130.143235
101.286522
-74.170844
40.350470
172.367776
171.455551
7.491787
8.281155
133.033793
51.438657
139.309041
-182.347734
152.459769
69.744753
113.500189
60.593339
6.035327
58.886895
163.313787
164.874921
-13.645700
56.875810
78.513911
32.608272
-193.821519
-29.097579
73.651088
109.680250
93.539234
5.849681
124.163367
38.080547
100.600283
-6.370599
-172.149784
-53.644353
141.705347
-377.923400
92.116495
45.155163
-17.802873
-17.462851
-332.099358
33.663792
-201.925919
-134.860016
-192.387593
-150.896737
31.153494
-221.586978
22.085770
-19.145509
-336.519987
90.635702
-155.937423
-178.487994
94.542979
127.254948
-227.592067
-203.420319
-5.462358
-0.151373
-48.700362
-96.199954
101.126231
-28.093284
-264.017400
-48.994991
-62.822752
-8.072870
-284.377466
77.748278
-168.304856
-86.827318
4.212504
-173.277830
-51.774829
4.749626
60.866418
-39.050205
-58.863242
-61.557837
-211.001517
-73.043577
9.006841
-45.011242
-24.152111
19.487726
-55.904908
99.094674
96.340048
-236.807136
-57.840394
-88.805465
-62.336470
94.604161
35.054036
-54.788355
25.716160
-81.301204
58.964386
-32.716684
-81.513085
125.059739
70.240854
7.189559
-22.154595
95.627023
-60.011818
12.819054
83.084215
29.824164
131.536321
19.406403
27.080712
10.906592
0.641324
-9.658669
97.422522
-4.483629
-5.760622
110.267776
66.358058
-47.737368
68.503576
76.742493
100.386966
-141.970738
99.631511
76.934907
-35.452102
41.692421
-8.870321
-53.961202
-13.414302
84.560520
-14.664673
61.292174
-79.020660
-6.223935
-103.416937
48.448305
27.943317
138.538324
-9.148787
93.546194
-189.164347
64.515089
-220.936238
-24.653844
33.213569
69.173752
-102.616548
-181.392479
110.591080
125.238989
-45.077240
-63.642409
-6.821691
93.009271
-353.333220
117.198571
41.487996
39.764072
-107.122172
-6.033156
-87.079258
113.552739
-7.334547
-74.822943
102.686195
-19.756723
131.093823
-26.519362
105.345762
-25.188860
-36.716563
14.076790
58.439393
-155.608745
-69.133818
0.023610
112.565601
37.119375
2.445007
96.848313
-17.721163
-83.875048
81.517031
-23.745168
88.424211
101.009838
149.422740
-34.933500
31.877362
111.367554
140.762896
-98.034379
113.963548
32.131141
58.199683
104.248400
3.431898
83.377093
-44.097574
72.940972
19.079236
54.698502
142.294237
108.892256
102.974917
119.246613
4.777128
-20.120729
126.421074
121.167752
166.274658
85.875402
159.764341
68.139327
60.553395
120.769753
149.062993
131.866526
159.494087
110.077102
96.313774
110.695169
55.654019
112.310738
-1.844722
26.733898
106.162307
20.163878
99.983766
177.341060
135.671919
-1.359216
153.971544
93.075707
109.640152
127.058405
132.171390
122.018235
24.458457
158.332617
152.554899
85.219418
124.099434
-126.821259
81.408781
164.700105
159.124277
-2.671074
162.736962
167.080215
96.960725
134.570717
97.742203
143.954477
129.609161
117.668244
166.802766
121.489108
61.567555
111.388140
157.346819
-270.787016
63.816602
91.306005
37.423533
51.266584
171.318265
136.896343
74.162266
128.215471
126.107190
145.596706
117.002736
-38.496965
71.207837
25.229185
173.609283
144.160266
69.077307
129.952489
145.557164
101.589064
117.579316
33.424701
122.057265
142.230063
87.410886
-17.874598
129.107186
154.198209
114.816616
139.498450
163.753351
60.600990
169.360635
143.379372
164.439693
164.069576
23.399471
10.304687
160.940654
-131.091868
113.794077
-28.980006
10.282017
138.509975
180.152919
-29.555002
27.380243
-1.824961
51.861081
139.291509
106.791442
-10.607435
-39.183675
-24.659324
-167.887543
45.043904
78.455134
112.732766
88.528395
35.075205
27.806225
-42.307733
-42.371599
-9.443299
-60.319566
70.146188
81.147491
149.977559
81.154368
-231.527030
24.541055
169.856497
-30.948881
-83.497084
184.310035
-50.966973
-25.341747
-135.117272
-60.296043
113.745024
136.446023
137.969444
152.200719
91.084807
122.623274
134.730388
8.255378
26.432930
125.273735
89.871289
179.869582
-112.050979
82.753736
179.765549
48.791332
147.681662
83.293334
141.746102
154.057182
32.457366
100.546719
30.327618
134.934319
124.349304
141.085438
104.932621
120.968721
156.580776
89.359998
116.919703
172.946661
179.358413
3.822088
178.013880
137.168501
72.403263
28.477100
53.576268
128.248172
154.608397
96.287866
155.724863
13.506195
136.195944
38.280529
105.667484
40.767589
159.741674
150.654940
147.109569
137.820738
60.931228
156.268045
167.478589
131.002019
111.164478
111.144202
133.487860
140.119812
160.137399
124.627874
119.147708
124.286861
158.239840
115.033889
160.852948
161.429946
123.171735
142.400456
12.170275
135.881288
164.339998
149.894037
143.385796
154.406435
116.583090
43.932510
120.804696
116.986237
134.112631
115.571600
88.347152
145.164382
142.759737
126.550107
146.915719
111.612737
98.124662
69.024444
128.625920
102.873196
115.407551
130.645482
97.919803
94.220392
149.452362
167.873945
117.178512
113.526498
77.032283
56.890837
137.887458
103.985178
112.097762
124.887266
108.931172
119.863709
76.823997
140.859194
-29.327276
150.369008
143.405859
122.579919
147.208055
89.608178
24.269947
126.797310
123.156183
152.509810
116.129595
126.081145
135.913251
94.313849
24.660613
-8.955638
-22.227796
117.523036
101.789153
117.585219
129.107008
67.544175
69.071558
80.866339
97.574978
78.102920
148.984997
82.048083
62.213824
124.521873
109.206812
-66.298831
141.263507
92.829340
126.905275
124.337276
125.827413
-65.957991
60.761613
116.953148
4.571111
67.563537
138.499742
72.134875
92.164049
-60.713434
1.416128
138.568041
139.249909
15.502482
73.816550
39.833017
114.914162
142.795099
83.931327
-42.196978
66.051335
30.429907
102.526736
-33.594750
-10.361211
93.626605
154.770020
16.488834
90.126582
105.841668
102.453258
74.448108
115.579733
146.250997
140.267004
133.060936
131.229825
115.372296
65.089107
117.093237
83.460621
124.137099
154.625225
134.818359
42.714047
151.602265
96.811753
82.464836
104.529114
143.935825
135.696674
112.265369
97.585810
1.603611
156.813537
142.267171
37.751620
106.281261
119.170271
96.411286
94.882419
113.528684
133.305521
105.394346
137.342766
125.438810
129.589585
164.409375
135.086500
110.428695
128.314154
118.995084
165.724675
140.222278
115.217463
-25.404410
122.108624
123.099056
108.888630
121.704217
181.873203
175.513691
19.002166
35.672608
138.427156
135.867202
140.188381
138.046935
139.128245
93.662663
107.227406
123.425149
173.099386
156.582239
163.996928
77.068733
56.214605
107.730007
128.626392
148.184655
113.381038
130.444493
59.914053
153.524541
134.378511
114.391415
122.335991
96.814093
123.479697
132.282150
137.904032
167.062213
128.918189
138.843845
158.507885
135.179993
124.314307
118.150905
142.764103
120.990167
146.339361
139.021821
109.902800
155.681081
166.649214
131.122479
118.637355
85.073810
130.165789
150.827231
111.487793
137.826404
156.879276
121.387963
171.088922
126.390059
132.966477
140.584221
135.216470
174.164390
59.374963
157.136631
155.231562
120.576771
161.068470
17.310066
148.597001
150.518047
107.085121
125.346419
108.363601
155.035406
152.204841
164.654533
125.684396
151.394842
129.664760
22.002712
-238.373730
-215.623331
150.990337
147.516262
158.561766
141.430929
152.131407
161.093101
133.680020
167.293249
147.617792
134.597259
146.782311
-3.601734
66.465525
107.380860
168.692322
145.282260
143.086802
153.849582
37.997615
155.576816
175.741645
29.419034
122.688044
148.980770
132.799074
6.449157
158.415909
157.667987
132.275611
67.869459
117.361962
118.665895
104.844965
120.586364
106.964832
127.513577
103.254783
128.147776
116.717406
62.318392
26.678303
165.158411
66.470052
86.028617
139.840266
-224.393160
107.352627
111.152372
37.026935
-285.888367
138.067272
102.231480
135.148719
83.368279
58.424896
154.233790
156.488696
72.557024
150.392750
77.300947
99.578625
147.955286
109.470942
90.121433
67.419122
96.202324
131.862427
90.859924
84.962393
116.735329
82.175503
118.489600
152.577470
94.965450
92.884320
128.322614
70.069164
-283.193989
127.065732
-141.138807
-278.211769
-20.035721
-192.018894
151.873307
-211.329553
92.517237
121.411171
126.167822
118.094457
111.768325
117.591064
31.254294
67.370173
101.311540
65.163203
236.028177
74.007193
126.873528
41.401869
-118.142767
113.116479
-84.309373
68.314406
135.136427
146.254149
98.244192
77.785545
103.654609
71.886139
103.115777
122.551764
111.979177
85.700990
11.834445
110.231630
137.024157
138.485170
114.345016
-246.234466
117.818676
110.177273
92.157053
69.925223
96.917713
51.120658
104.018088
86.973938
163.559243
147.938442
130.459576
64.000613
131.362127
139.877139
136.203595
115.947371
104.675609
137.702711
-215.407968
61.511266
76.325060
119.263043
136.259323
109.590651
117.797578
140.883926
25.322585
82.975059
85.927594
90.898282
103.849569
77.367073
105.556472
95.561391
107.711934
23.347737
98.685357
-22.933838
119.552313
123.397651
96.070903
70.260852
37.236416
63.436477
111.970480
57.160979
11.468219
57.486148
70.085120
80.257060
145.832664
102.981202
138.522455
121.482347
87.377459
37.774458
89.120360
37.459320
-262.235492
128.098329
95.276233
-14.577304
98.971129
153.974749
88.835282
115.783029
77.244265
106.322682
78.200504
109.711712
95.955601
62.884769
115.235058
114.313245
104.318911
195.058075
74.999692
185.931658
177.607718
205.905532
70.339198
98.247290
107.799450
48.537618
140.868628
10.273826
64.556916
24.451699
-105.489103
1.230326
135.967569
37.355445
119.686704
102.628456
210.536622
100.096921
12.770421
126.397659
31.459977
103.907855
52.339664
46.356494
141.150347
123.394448
88.864055
197.219700
121.452499
-79.529951
117.853000
65.691932
-118.787990
151.161679
165.862621
156.574512
35.771536
67.137545
-2.246977
59.542739
81.512031
25.582854
38.825394
126.830699
88.808309
103.781610
197.648566
117.505478
101.062455
115.614546
107.404883
209.891624
111.168666
121.745084
91.535605
119.915141
203.508845
175.114491
104.749875
132.206686
62.534416
126.869395
113.388972
110.486681
228.788477
76.658689
4.175809
109.610574
25.043395
159.063149
97.995062
-101.036183
98.273608
141.748827
42.135315
97.224001
107.079362
124.122371
98.171911
-51.616073
119.507981
54.501441
113.833197
123.607041
110.234977
71.095095
92.686953
102.346483
116.465363
100.047960
193.810610
147.109670
86.318438
78.160932
50.441524
157.369749
133.181011
125.308320
34.797386
120.756096
99.534575
99.511513
118.274628
154.080715
110.853011
167.820678
-148.889270
25.873989
97.728333
123.280844
155.426600
123.585020
87.493530
115.329529
125.928890
143.694136
123.261449
99.992804
100.627253
129.194285
7.727521
143.656553
96.684013
135.281504
165.269867
170.081590
85.443999
92.914659
137.622957
141.341174
176.263566
143.684355
143.779420
135.513653
117.330150
153.929134
145.569003
117.437744
101.557700
134.220875
151.960186
99.192445
147.611936
137.553561
126.606054
169.934269
57.808170
209.842158
128.222655
165.769791
145.447640
138.487177
232.764440
98.667608
159.651345
123.765190
130.576138
137.952870
158.542021
142.490785
136.330742
141.110940
142.081039
160.023982
168.593641
39.076409
131.666569
150.153436
110.039644
123.903169
156.584340
116.133852
118.978611
110.998577
124.371044
179.739363
60.301577
129.315240
135.937104
143.431337
89.057107
135.227528
125.269014
145.290829
153.265408
140.360339
139.446967
150.438247
143.239360
119.234238
140.836094
109.501147
148.050492
181.232249
183.039118
133.283890
117.551716
118.072402
138.985960
113.090309
114.451042
177.369260
130.342660
126.339918
119.636697
138.086023
151.693715
144.651400
177.580204
178.991762
135.883485
137.747709
146.603653
143.499441
149.009682
179.906648
146.230858
132.820403
118.939994
158.692562
135.488021
159.414383
126.679037
143.776579
161.807014
52.469270
149.237878
38.833437
149.408594
62.572593
124.238708
114.227188
114.374972
71.400504
171.391489
143.308662
157.189428
125.929936
7.701001
157.650839
17.569399
164.726876
39.235588
116.764907
198.628122
128.167568
161.891293
156.268050
101.272530
142.893141
160.508918
179.116184
153.804976
165.056906
140.161317
133.150340
-13.010527
153.378724
62.075592
182.919801
127.720252
63.697777
178.428064
75.902348
50.606224
110.836186
149.885450
115.411265
174.763240
26.276415
80.915097
105.749734
73.608496
85.613395
130.315971
99.108328
115.385769
144.375021
140.295150
74.450285
145.256926
147.003430
110.699787
135.748098
113.186599
120.771784
120.435339
116.033770
157.414446
80.241391
156.586895
134.611775
142.769587
98.393016
135.038693
148.801104
120.787338
145.513927
134.952151
134.156949
102.887943
104.561137
135.357091
143.878822
142.389427
105.307569
169.585339
133.159487
117.406169
168.940705
155.629851
21.023212
147.769103
-1.913694
124.107870
115.132496
110.590524
156.732625
160.681638
127.700685
154.003462
113.324918
40.888071
137.747161
55.866827
141.901109
158.845287
135.592356
133.424309
154.855241
181.998960
184.058107
172.084473
147.458343
132.275467
134.584112
21.219592
113.597309
153.908413
109.588463
103.042731
14.545563
131.223917
223.846973
146.179499
-1.084022
135.055683
145.732300
146.095154
131.636678
46.127848
137.669356
168.087674
70.815368
143.163029
127.978108
173.456003
130.399609
108.588086
145.578756
149.014924
116.056437
122.278616
127.897256
105.323107
184.475428
114.292916
24.705629
156.406133
142.573378
66.436954
139.263447
146.970900
128.089526
114.984217
12.617905
105.099645
-195.142168
75.946657
131.377936
133.559860
115.186070
84.380215
109.297225
87.688829
107.399622
176.284153
100.930004
152.314992
142.657847
96.987165
121.267227
181.618187
143.035652
125.562063
146.206866
159.328774
140.735280
139.435301
135.492109
130.117377
188.383449
133.620125
172.496984
125.070265
107.656540
213.809805
151.037093
14.718640
127.426745
172.066648
107.566215
-12.676156
72.083290
144.594241
125.971772
82.668578
112.985754
127.638768
172.025922
115.053919
91.208377
66.147118
73.795439
150.883941
109.630935
94.910211
135.551285
141.640236
28.463732
164.125246
117.662387
134.930962
59.330649
136.487654
-158.913937
117.840321
73.148103
121.585171
91.767018
137.991056
125.635536
164.019091
140.345321
169.093713
148.241099
169.955577
104.631487
106.360720
103.352565
168.869493
134.131041
120.488748
139.367748
116.823114
111.890580
173.121936
165.687455
121.310686
143.318870
162.425376
133.440026
148.688320
133.465116
149.357240
137.123474
105.372490
149.015037
161.732135
168.012700
111.537529
127.764966
114.139153
131.128173
150.364074
167.552853
114.891059
144.354235
128.063206
47.672041
90.408804
160.196457
122.537516
107.136322
131.353266
170.041969
157.504789
147.669783
15.849553
109.211106
148.731344
145.250260
143.310467
122.439220
141.557941
151.645860
160.194727
185.357824
156.463025
97.876521
149.855844
122.284813
141.101048
17.323874
178.302168
121.380455
137.913700
142.938857
155.369100
132.401907
213.681329
180.646276
121.945522
105.598251
67.127570
101.505477
146.042641
144.033190
187.566260
179.007966
92.920943
157.790647
137.892829
63.458513
12.316553
-32.304383
216.035587
87.204818
145.074333
121.995407
112.019901
113.523690
90.899418
155.769402
159.922573
122.142258
172.775682
149.030700
133.480832
6.977999
164.072816
84.905605
135.257933
177.261194
135.455035
118.613040
136.329113
156.709354
117.635766
126.879979
111.278943
80.441821
125.170562
89.217074
109.190870
58.592138
125.495924
103.685238
135.099537
136.659630
120.301157
133.310732
135.145593
117.750987
136.679964
156.780088
107.681580
155.847264
126.494645
157.135120
151.571264
113.575684
140.449720
143.608917
110.612610
134.557535
138.525104
140.798305
140.171143
