-462.957372
-144.386942
-135.944176
-423.230472
-398.536044
-390.550183
-328.131019
-353.656398
-350.865445
-276.076492
-75.619430
-286.488285
-102.373064
-381.312944
-488.730480
-387.266083
-194.237055
-81.408794
-85.899416
-383.336384
-90.102839
-347.728303
-91.498051
-429.590420
-82.610075
-208.618999
-271.669372
-316.200840
-126.060605
-101.469909
-49.729868
-115.052132
-64.569412
-320.824638
-91.255277
-297.126712
-558.915682
-308.246195
-247.105207
-115.766229
-348.699437
-26.276373
-181.899454
-117.892022
-193.611812
-117.743535
-376.767357
-331.200633
-289.485775
-120.936568
-76.276035
-95.950220
-414.002580
-103.807351
-357.936110
-180.496599
-107.570385
-2.272853
-78.623993
-305.861536
-79.957631
-354.478812
-115.549752
-267.702615
-347.320040
-276.353195
-343.331196
-113.013712
-241.577899
-236.762908
-124.978583
-48.953614
-237.013670
-359.238370
-420.587429
-249.362382
-235.035253
-51.870251
-113.718004
-428.118915
-233.964017
-73.062682
-117.884735
-203.914052
-329.319053
-206.053603
-398.750638
-109.357941
-299.442050
-257.262167
-301.822677
-98.452042
-34.211833
-300.054400
-121.224997
-85.869496
-72.304482
-74.273524
-407.505211
-361.760082
-75.326681
-132.129721
-180.979046
-269.036381
-397.720082
-110.388957
-332.024236
-391.277143
-216.804241
-403.073425
-281.623364
-89.499487
-507.178594
-377.499078
-376.528557
-331.696533
-282.584026
-57.061603
-252.746642
-110.919536
-194.745078
-77.383153
-48.873798
-410.033721
-175.344996
-122.621308
-114.506901
-89.819317
-123.658625
-171.431084
-386.098774
-111.103961
-285.737658
-192.173987
-263.209354
-275.363141
-147.964554
-147.001926
-255.926353
-462.214695
-65.451365
-91.365662
-214.299956
-144.821050
-113.377286
-81.922885
-209.346598
-65.321713
-133.604144
-116.566822
-54.078594
-433.743771
-368.341003
10.638186
-191.515196
-316.402380
-392.954219
-240.781338
-206.830692
-67.277584
-64.585491
-102.948595
-113.670650
-232.162974
-341.241309
-237.938086
-202.416768
-229.004471
-131.770689
-239.060938
-348.612294
-482.365049
33.857185
-155.624117
-131.913392
-189.745847
-152.801742
-151.243636
-223.504819
-127.328965
-220.922569
-363.563114
-457.733881
-97.940071
-217.018401
-217.181096
-179.336802
-228.579892
-96.548209
-137.668832
-184.000018
-120.273328
-198.634895
-152.707197
-220.790622
-492.815436
-441.429620
-96.194012
-104.588903
-231.171990
-139.762696
-277.586737
-211.421450
-236.370030
-88.224266
-230.978576
21.490901
-105.954665
-270.069992
-152.942401
-63.261383
-181.126908
-293.543696
-247.459885
-322.609546
-90.908509
-168.981346
-121.282105
-204.657236
-323.168353
-199.676659
-326.818309
-136.227186
-234.117135
-455.286212
-118.707049
-319.903288
-176.952770
-80.871554
-393.767117
-121.828248
-294.239491
-394.959390
-97.414019
-128.274168
-263.616698
-96.002780
-106.426978
-165.602122
-158.944709
-293.298138
-230.561254
-60.919413
-260.710051
-256.326768
-203.298848
-284.277792
-198.494082
-247.139195
-293.638608
-233.454457
-81.731554
-106.744850
-297.294418
-65.629456
-99.501553
-350.461374
-135.082214
-130.157574
-264.237375
-78.292725
-95.511583
-98.689876
-112.286502
-185.338295
-161.482807
-68.231800
-370.429582
-95.107783
-28.505317
-276.331551
-217.648579
-123.833059
-268.815697
-91.392953
-428.633898
-39.433853
-199.662766
-106.070821
-415.940932
-260.117678
-57.426057
-162.903636
-212.248840
-322.579981
-287.173484
-60.291704
-165.897190
-319.458405
-180.976152
-230.098160
-159.756283
-447.974170
-244.664685
-434.170615
-95.186640
-164.850478
-413.688450
-116.047345
-329.485167
-176.692788
-182.908574
-132.663763
-323.419130
-254.139548
-138.947333
-84.540435
-418.137600
-216.410650
-109.403010
-129.141037
-278.840163
-152.583447
-94.129620
-75.533354
-183.458297
-262.366903
-350.020247
-274.059347
-103.838804
-409.152044
-435.167838
-126.896751
-198.607330
-192.687647
-393.124021
-160.485002
-63.262620
-216.049953
-219.576178
-141.814755
-147.306215
-268.051501
-209.098561
-244.877272
-145.968777
-405.321895
-110.217935
-383.726606
-162.236881
-61.449125
-123.317583
-114.939553
-155.385604
-97.582133
-102.728499
-88.742585
-41.629936
-425.766996
-114.826405
-124.771334
-94.692761
-100.261315
-64.040175
-182.115299
-392.840105
-148.398869
-67.447148
-163.808134
-92.589702
-267.450436
-93.318338
-228.417359
-52.122149
-183.939423
-101.231301
-353.910885
-63.738452
-419.712352
-429.928926
-157.668596
-80.905845
-97.965904
-8.760381
-121.660866
-251.419722
-251.364771
-243.892172
-141.752631
-96.514600
-314.043297
-308.215015
-111.009754
-96.485335
-351.655530
-87.947868
-96.264411
-266.073033
-90.692709
-49.559114
-103.595799
-132.649313
-130.968232
-83.669209
-274.266020
-87.908524
-201.176772
-69.626825
-379.294525
-340.369443
-176.260181
-219.619107
-225.647852
-210.002174
-298.759861
-316.096645
-113.285071
-100.877825
-321.834445
-340.973211
-318.876237
-82.499541
-383.927645
-143.595677
-320.217220
-296.799968
-81.412513
-151.395403
-200.228852
-147.097717
-170.915674
-122.721708
-295.738391
-80.895312
-104.581902
-143.962557
-424.947897
-267.606035
0.837279
-93.808457
-123.918820
-73.977150
-223.109427
-373.730368
-302.000831
-355.678643
-125.944719
-161.761340
-102.490402
-166.237087
-99.927904
-101.109237
-360.816297
-174.721822
-232.801698
-228.444387
-94.745453
-462.013926
-122.843409
-104.495788
-61.927755
-85.410983
-107.511282
-182.876832
-48.142326
-366.186715
-132.720945
-145.158653
-110.723462
-153.846826
-113.397535
-99.514746
-107.140364
-126.210237
-53.983862
-61.055945
-216.653318
-140.576416
-339.455536
-76.190051
-85.981037
-357.022373
-125.480418
-159.301923
-215.263946
-111.934028
-142.255524
-103.924234
-110.684729
-327.890715
-66.340234
-161.424518
-243.476716
-327.840083
-180.903320
-144.233338
-206.374898
-150.672488
-79.603872
-124.424419
-38.958621
-212.354427
-122.896866
-114.037642
-141.464132
-223.550757
-242.857306
-126.016310
-60.697827
-106.718953
-204.978589
-186.708528
-520.059338
-277.207670
-71.161531
-96.883289
-412.414385
-68.202019
-275.455302
-493.578686
-139.757260
-99.509589
-78.001437
-116.170303
28.563184
-111.940613
-109.745136
-1.742056
-95.169398
-239.374030
-149.515653
-188.284159
-97.449049
-75.744899
-167.953621
-285.850277
-124.436744
-68.195798
-199.192061
-223.539419
-79.277971
-93.879472
-121.804499
-228.237664
-60.613106
-269.216517
-137.641112
-360.716581
-168.446753
-48.798983
-137.719724
-75.961684
-490.601797
-394.751478
-139.308981
-298.881259
-132.078186
-91.407834
-22.788768
-98.868667
-135.682264
-132.410074
-415.383267
-146.285294
-161.980834
-80.478050
-157.610392
-120.968361
-158.422583
-67.974212
-246.966363
-141.630472
-105.879463
-404.726414
-120.545335
-144.512578
-123.443586
-440.825648
-371.751468
-118.303598
-80.286559
-200.586377
-85.413134
-53.205717
-87.720167
-405.606895
-138.136168
-252.681742
-185.340154
-271.549026
-162.451021
-144.654219
-57.296836
-145.773605
-177.931869
-53.727184
-71.421330
-80.137086
-106.877066
-176.829769
-185.623439
-203.258875
-197.723411
-346.403882
-119.929587
-290.790541
-75.935241
-21.876053
-113.360980
-67.938246
-153.259316
-123.387616
28.934826
-88.979512
-158.371434
-175.527874
-130.309078
-81.439278
-113.745638
-57.547170
-131.495502
-110.635037
-197.866584
-60.155424
-117.653888
-80.872829
-91.521605
-111.626926
-212.966924
-372.326224
-55.887055
-68.497707
-168.199977
-167.482006
-77.429503
-81.407884
-115.298088
-274.403896
-141.924986
-137.354009
-139.117361
-262.990293
-418.492124
-399.924830
-135.382256
-426.316665
-154.558125
35.953200
-199.499277
-388.936023
-352.815988
-159.990387
-59.728586
-64.453524
-77.202375
-76.733337
-289.536047
-67.440742
-102.724553
-109.847419
-75.633316
-135.194049
-105.586581
-229.429520
-293.106359
-154.973035
-81.554831
-215.050805
-168.529709
-207.303956
-80.339648
-104.637040
-103.185664
-167.706300
-123.686533
-224.161574
-81.296781
-289.789535
-140.022382
-89.893931
-291.056097
-107.644291
-119.413665
-339.585567
-166.469501
-123.230940
-124.475039
-230.643179
-201.057373
-156.135631
-183.857954
-119.190390
-215.804623
-234.864689
-74.058210
-145.566456
-91.589640
-110.147770
-261.323705
-121.146596
-152.346538
-159.372825
-185.674781
-64.069278
-172.599272
-187.106577
-118.123301
-89.954884
-92.014507
-219.916814
-377.471663
-135.380128
-292.556725
-130.266867
-75.872375
-73.895043
-237.859497
-90.754633
-112.120630
-112.108581
-123.754442
-125.928943
-287.613258
-193.129563
-130.822255
-143.624325
-257.308342
-74.796300
-79.804787
-143.229647
-126.027439
-78.578899
-209.388317
-199.754812
-86.843432
-81.659956
-120.265444
-87.268529
-173.499154
-66.703377
-128.093308
-134.247368
-67.471650
-121.926466
-326.786159
-169.216977
-172.885764
-83.146646
-181.093558
-80.755796
-77.029157
-113.378866
-341.338860
-119.104690
-80.900814
-70.428859
-176.588922
-98.600921
-190.039238
-4.334838
-259.914470
-61.752509
-105.656971
-103.021405
-89.067757
-111.221351
-209.446180
-154.538903
-46.912377
-85.804216
-92.436470
-101.183924
-88.961564
-152.047077
-298.719096
-133.912776
-66.883825
-173.082228
-120.938571
-96.137901
-185.437763
-84.181048
-126.299953
-91.924234
-107.994440
-121.190162
-137.911138
-190.245979
-111.296613
-145.851846
-80.003196
-80.230870
-42.614251
-112.691403
-489.848748
-105.804437
-163.837555
-94.622790
-140.532430
-182.312050
-111.528872
-127.293054
-123.321280
-72.260836
-119.873157
-123.536804
-64.164220
-66.682111
-23.577257
-110.048641
-116.863716
-68.144768
-84.923429
-72.772914
-150.145983
-83.417366
-341.230798
-79.062546
-112.426448
-98.013835
-206.244286
-262.986377
-201.777851
-139.470905
-96.798393
-115.121286
-79.848906
-99.026988
-119.607498
-72.025462
-124.589662
-56.465249
-113.341317
-76.678994
-222.111977
-68.552136
-107.095931
-107.674327
-76.521154
-139.771947
-112.564233
-91.251395
-237.101987
-85.208533
-187.754574
-61.326277
-89.473198
-117.263115
-220.458619
-107.419621
-136.218878
-167.459548
-161.090743
-149.102493
-110.797500
-81.587889
-90.005075
-91.957786
-136.895531
-70.800197
-97.297943
-124.049946
-102.932695
-22.725556
-156.601821
-124.796396
-121.953197
-106.876900
-43.973607
-280.709430
-249.581591
-92.367829
27.056766
-89.769970
-95.293234
-110.076012
-74.603197
-220.063842
-65.266756
-94.609217
-91.884942
-119.047556
-92.680627
-98.864048
-115.385955
-45.676071
-104.248676
-186.735013
-74.326947
-82.461341
-114.048224
-123.893319
-287.556710
-133.141850
-41.148662
-122.899951
-71.731438
-85.700121
-97.993818
-148.043897
-138.263346
-102.808492
-133.429472
-112.363865
-103.940830
-176.905337
-147.346276
-110.375365
-159.595297
-135.548261
-146.524250
-102.464849
-112.857306
-150.432361
-162.332687
-99.313864
-139.024359
-145.410582
-126.400978
-155.486989
-64.454161
-124.178536
-106.449071
-140.173996
-103.638035
-122.059654
-74.672325
-90.066124
-129.197738
-108.456716
-56.605424
-149.730465
-104.742687
-120.541053
-111.275051
-135.943737
-150.907735
-59.232637
-90.354796
-117.031107
-116.470075
-142.769709
-57.174651
-107.970363
-109.527887
-59.027613
-187.219110
-88.192418
-227.094511
-203.266199
-77.636419
-71.181584
-127.922236
-152.013323
-128.454569
-119.051097
-104.008248
-131.134470
-115.057193
-160.614447
-127.895642
-78.844281
-137.437348
-168.231533
-92.936018
-45.035002
-68.936640
-91.325872
-62.163587
-98.956185
-75.911096
-285.173415
-123.414715
-74.968425
-179.859493
-109.540499
-116.503306
-105.578245
33.079812
-97.996722
-122.941018
-209.309324
-308.826590
-110.470868
-50.191391
-127.439512
-110.732737
-138.453995
-177.871927
-96.264527
-102.552091
-82.002771
-144.432918
-131.209275
-91.238456
-134.231651
-92.406502
-125.577110
-284.133938
-41.937284
-147.042559
-182.590642
-78.936779
-108.807842
-100.022649
-164.152694
-163.577970
-59.066957
-123.020236
-101.697319
-106.208932
-199.749623
-265.464542
-143.153923
-108.569859
-106.144201
-157.887055
73.964185
-93.890110
-122.411448
-221.848753
-87.892072
-222.826588
-118.250071
-80.993163
-162.597051
-131.650774
-215.883473
-115.185633
-55.495881
-102.348878
-109.754478
-231.797681
-284.159380
-89.707585
-105.552178
-98.136807
-108.052099
-110.008686
-36.278692
-70.086378
-56.855299
-71.803293
-118.044935
-58.380888
-266.558451
-94.999714
-160.075476
-101.635350
-125.031393
-100.827650
-151.715663
-88.867396
-116.126676
-110.263990
-153.306990
-127.559621
-101.010548
-66.155655
-115.983453
-74.581037
-143.635990
-98.478944
-83.055997
-111.408962
-115.864539
-89.558419
-219.218905
-77.454534
-102.855008
-100.049192
-118.463159
-115.519020
-88.276601
-66.403138
-56.608727
-146.760045
-78.755434
-64.375232
-81.381060
-164.328021
-131.694966
-91.738840
-94.161767
-187.430434
-63.961435
-132.686514
-99.882365
-56.029727
-93.180576
-111.678277
-94.962786
-135.938533
-116.260139
-46.007726
-114.499401
-139.896552
-113.719228
-67.104274
-120.328849
-95.378621
-59.137183
-128.951084
-109.647636
-89.264631
-302.230638
-87.841030
-209.073078
-52.752209
-324.863559
-85.753556
-94.506321
-88.267967
-106.394029
-120.785023
-114.321970
-143.900174
-102.639139
-103.963451
-125.271166
-148.845270
-116.007512
-151.160999
-112.480091
-71.576224
-123.888585
-68.874484
-121.219511
-100.399458
-113.149784
-95.859598
-106.305361
-62.763075
-260.041078
-180.634479
-114.431938
-71.107061
-83.532244
-322.080598
-117.197809
-115.382254
-131.627545
-57.358462
-282.625804
-81.514874
-64.252366
-88.265123
-255.978335
-96.859332
-101.721351
-104.012031
-200.062259
-108.714571
-109.306334
-97.428753
-115.899629
-99.574315
-112.575137
-109.226086
-68.164202
-166.374592
-121.711315
-115.448290
-123.550054
-96.959874
-79.138703
-86.812744
-129.425282
-77.427835
-115.476886
-124.325431
-148.668748
-83.975602
-115.564440
-103.259677
-75.121207
-111.283354
-103.723638
-87.073500
-97.457246
-55.095543
-79.512131
-45.369971
-118.605832
-123.013914
-135.626561
-109.427955
-96.158815
-96.049323
-89.683973
-153.061921
-130.094942
-54.704397
-113.099193
-120.515471
-90.174311
-160.649455
-118.343761
-129.492068
-88.788704
-98.487634
-104.453125
-91.143208
-57.846732
-71.591487
-83.473990
-158.359684
-83.816806
-96.751957
-107.516293
-117.293432
-103.332126
-86.244172
-105.222953
-96.222826
-152.616245
-127.115177
-59.536378
-143.146394
-112.340484
-98.009246
-71.395809
-71.448232
-130.039368
-71.324578
-119.999493
-32.593422
-123.823816
-99.018108
-76.040907
-153.562073
-89.063200
-94.198716
-103.479306
-258.676010
-70.243063
-104.121259
-64.934169
-109.075128
-64.682930
-65.595578
-83.894634
-66.022293
-98.823708
-90.290660
-128.596791
-138.682259
-114.754313
-71.068875
-112.422958
-71.826340
-103.355053
-132.157716
-106.452056
-92.377589
-86.981906
-101.595404
-80.631473
-65.167344
-111.381019
-71.821531
-45.221654
-110.427789
-86.651666
-161.091808
-108.290630
-189.461108
-105.534894
-115.909550
-119.640002
-50.679100
-79.978119
-119.557188
-53.032907
-91.646233
-66.898799
-103.770909
-82.145277
-94.479881
-101.472209
-151.211926
-120.214329
-80.736277
-137.358849
-87.981424
-112.973918
-96.210172
-83.494202
-150.990850
-282.342397
-115.315399
-121.347557
-87.424194
-92.273664
-102.035130
-93.383694
-105.363655
-152.438129
-108.462607
-86.375747
-81.572073
-91.851637
-191.081826
-56.199761
-100.070884
-91.301669
-100.202187
-112.886732
-106.182288
-89.110868
-60.308858
-59.126236
-120.698877
-93.673100
-67.701862
-91.183884
-85.381943
-93.717684
-110.215622
-99.505330
-71.141190
-114.080211
-98.866876
-80.288871
-118.655632
-50.208576
-104.428032
-82.390883
-173.862955
-107.232453
-70.851406
-124.990699
-94.700417
-103.212083
-75.724424
-109.177269
-61.344482
-112.665564
-85.446322
-79.836994
-62.976143
-53.264332
-107.077668
-73.853047
-77.051800
-100.810870
-65.687295
-93.011450
-114.599663
-89.502404
-143.276339
-65.190328
-85.243929
-106.283014
-114.198160
-101.774368
-81.295614
-64.387427
-83.829991
-106.029432
-136.213648
-82.536075
-82.329755
-81.386273
-103.789687
-115.545626
-88.379542
-153.628566
-89.481928
-53.782411
-92.912752
-59.635779
-82.857293
-106.988792
-107.361973
-100.046092
-99.806443
-98.436659
-74.789565
-119.887040
-130.967803
-112.181386
-68.792762
-126.179455
-105.084184
-129.630812
-47.066302
-136.904269
-96.136787
-68.633076
-112.369075
-76.624086
-74.101421
-76.568019
-107.116078
-101.684766
-109.942659
-128.710445
-57.365083
-84.301269
-56.732087
-132.506070
-98.677873
-84.231344
-96.648257
-96.034719
-168.298751
-64.204077
-164.878535
-82.450111
-73.682023
-64.545192
-122.410053
-78.049456
-73.543372
-83.091215
-83.533063
-49.830871
-109.301821
-62.425963
-122.715147
-81.133094
-118.887010
-92.098969
-72.504557
-82.941557
-92.219414
-73.875881
-105.769228
-84.612112
-37.852367
-120.508766
-88.451428
-147.854797
-117.916207
-101.344170
-103.344632
-65.487966
-76.337386
-95.753834
-81.063817
-116.107113
-141.325211
-52.076885
-116.810179
-92.544976
-62.236435
-98.632493
-85.575277
-90.026686
-90.421075
-74.932758
-131.866455
-130.694763
-80.464208
-83.663754
-84.920759
-99.135198
-110.478122
-77.232134
-97.380240
-96.153015
-97.063784
-4.416911
-112.280514
-54.551283
-72.377168
-119.281339
-79.176657
-91.296601
-152.838074
-45.131822
-66.516857
-76.450141
-135.912867
-71.811453
-80.488225
-92.841513
-95.122518
-75.760919
-81.131845
-66.742130
-115.592776
-71.973684
-96.594018
-67.443377
-121.740973
-143.407620
-77.718098
-45.068601
-56.665661
-113.820419
-83.403064
-163.108183
-90.149626
-137.763964
-125.904760
-93.827280
-85.308449
-56.144593
-84.216284
-117.489452
-50.476624
-85.216132
-64.347551
-139.626644
-57.815896
-93.996300
-105.983162
-116.745894
-96.695123
-100.258091
-107.370929
-83.135122
-90.357170
-41.688467
-130.418164
-65.024717
-87.347728
-69.794255
-94.025225
-76.053646
-74.207135
-77.427083
-110.009935
-80.031498
-192.034772
-102.305859
-73.685007
-75.232615
-70.887458
-99.068236
-43.733762
-82.775507
-131.282858
-101.144971
-119.809976
-102.872533
-97.607471
-118.592644
-101.499150
-93.584072
-89.469114
-76.001356
-82.431463
-134.160440
-74.965630
-140.483329
-78.311529
-81.929864
-108.790355
-93.331638
-74.833862
-75.848691
-91.405627
-84.166730
-91.659370
-26.681947
-101.192982
-96.132737
-20.110213
-78.586273
-58.913385
-79.914347
-77.919402
-23.321623
-57.259851
-61.168216
-99.014772
-86.704073
-105.012230
-83.514552
-180.538588
-61.736978
-126.052925
-83.064401
-51.960057
-96.481851
-108.927552
-81.425425
-87.089900
-73.709108
-62.466336
-71.329333
-94.200485
-100.850011
-73.816161
-100.087426
-82.845652
-56.833531
-82.065598
-56.745428
-56.571751
-58.136908
-100.398031
-90.231621
-60.882714
-101.604872
-104.092793
-84.577319
-66.183243
-51.298857
-101.711037
-61.619749
-147.022913
-69.229709
-63.280168
-138.958276
-50.008267
-97.225344
-53.178758
-65.802701
-58.444676
-76.192038
-83.112459
-62.572748
-63.626950
-90.692324
-117.980259
-65.183821
-92.096061
-57.985235
-104.341017
-52.812178
-33.008477
-53.604574
-75.017186
-105.589166
-126.283370
-46.612858
-98.015106
-64.895520
-71.140712
-96.810027
-135.809544
-68.938359
-88.311756
-84.044539
-39.136123
-33.650132
-72.567363
-33.854110
-72.145204
-82.180402
-65.848183
-47.098529
-56.702983
-64.665280
-112.996135
-83.582773
-138.497628
-63.052716
-57.755654
-53.337344
-67.417483
-93.571460
-61.856796
-65.645484
-87.136809
-70.418631
-60.199847
-70.178438
-86.098339
-97.524914
-47.426899
-55.756112
-80.085617
-19.462691
-109.606655
-130.876253
-105.571158
-137.343610
-80.016872
-101.857903
-101.641940
-76.818897
-141.006602
-69.312707
-69.069163
-57.256184
-36.412951
-77.511069
-108.014092
-72.033244
-83.234998
-78.760941
-65.944703
-101.244995
-86.225494
-116.719452
-59.747253
-48.167782
-75.099738
-118.103763
-92.386072
-66.636839
-118.719625
-85.449525
-83.338874
-143.262028
-96.508586
-30.964542
-60.423545
-74.258434
-93.264599
-62.018346
-72.767266
-79.310242
-67.895014
-69.476929
-60.212577
-39.274924
-42.192752
-80.165840
-76.885341
-101.045650
-40.038825
-113.654446
-89.057793
-75.154970
-90.949834
-126.818921
-131.836389
-110.780894
-71.617036
-130.997008
-48.699255
-66.318348
-73.282161
-76.545239
-40.321422
-99.392258
-44.645025
-83.732098
-87.095477
-62.689651
-40.398218
-82.296815
-54.062617
-56.293376
-86.915138
-97.710806
-37.482443
-34.521704
-95.485562
-93.906230
-79.081352
-96.674392
-109.759560
-64.412145
-101.005471
-74.322824
-21.493649
-110.349968
-78.907821
-71.930292
-63.096197
-100.910985
-97.912013
-74.103285
-58.851257
-95.430264
-103.998595
-86.566874
-87.367879
-85.931498
-89.877325
-29.696719
-53.282931
-34.972213
-145.054145
-83.477416
-74.505484
-75.315041
-170.918948
-42.980840
-71.324938
-102.741931
-29.845121
-51.389228
-75.401110
-93.903383
-106.307920
-91.058164
-59.875113
-71.994959
-96.233959
-71.725069
-62.248058
-105.822428
-82.889154
-61.305360
-74.470484
-86.983591
-40.868413
-113.056869
-87.395997
-67.565891
-89.527084
-72.956929
-71.466618
-47.707790
-73.390099
-54.965941
-74.084965
-115.481719
-61.662438
-81.749305
-81.904754
-75.770242
-117.797131
-101.010798
-72.446296
-72.909045
-105.231401
-72.983808
-32.125757
-80.683010
-79.908905
-46.462075
-59.943403
-113.233173
-98.128975
-87.867453
-22.951381
-96.531924
-52.654900
-63.917667
-99.853983
-111.963569
-90.945996
-35.747699
-50.416142
-48.871559
-31.072267
-61.363744
-65.013646
-53.860937
-82.799093
-83.155921
-59.316969
-55.366985
-12.913787
-64.484541
-58.614568
-58.412228
-75.445083
-76.190493
-64.830136
-37.534931
-7.204263
-51.488569
-65.949718
-96.524102
1.747494
-94.756541
-64.111553
-67.836550
-60.028497
-62.661323
-66.499133
-69.308008
-147.694221
-37.226029
-44.934461
5.409283
-57.167614
-63.185885
-35.983284
-8.037820
-47.718624
-17.090229
-53.438148
-94.190224
-33.302411
-64.003525
-84.307854
-49.610231
-3.621206
-78.892061
-115.412429
-65.178007
-35.052380
-22.769129
-58.357171
-0.622678
-64.168231
-56.150211
-66.267023
-52.706492
-7.800403
-25.868266
-77.238604
-99.380868
-41.076367
-70.936089
-84.830655
-57.953803
-52.873299
-19.141133
-88.998700
-52.738997
-22.849404
-62.069128
-50.386445
-116.089391
-51.376790
-48.923192
-32.834864
-32.058144
-44.304145
-13.683752
-95.843161
-33.233483
-85.487945
-176.816359
-16.106940
-32.368387
-71.243791
-24.719729
-109.420726
-60.567674
-37.313354
-39.931474
-53.465762
-74.872899
-5.255011
-65.200223
-6.119103
-22.702523
-47.626219
-31.773470
-75.456269
-20.746612
-70.910314
-74.769623
3.488824
-23.587025
18.496495
-45.646815
-50.007434
-44.384397
-45.093314
-282.094851
-24.331786
-61.780785
-13.483850
-30.946266
36.635474
-68.707130
-4.338434
-53.692466
1.364719
-32.551206
-64.134055
-69.373885
-46.896641
-46.529339
-84.427310
-54.461665
-33.007947
-24.294798
-25.156981
-60.794934
30.734497
-65.974512
-49.751019
-79.749719
-37.238262
8.277331
-32.667973
26.932777
-50.330401
-40.572021
-85.246362
-73.237933
105.855084
-16.826192
-35.797908
-34.546393
-68.064400
23.454842
7.849777
112.881909
-21.356122
-72.887871
-28.323119
-49.623625
-16.925338
-75.068919
-63.374324
-50.081328
-32.825071
-44.974972
-20.764308
-6.521783
-55.753098
-16.277451
-67.464071
-36.810528
65.825204
-13.438335
-21.304149
-34.391518
132.929295
-81.265257
-49.858444
-18.106184
-35.676491
-15.026518
-28.069969
-21.112072
-18.631050
-14.010691
-13.432584
-59.529150
-51.496494
-46.131240
-16.723865
32.687359
-49.172087
-67.195377
-17.920787
-63.038827
10.878015
-64.113136
16.497376
-57.454876
-1.346513
-13.455203
-142.307256
-39.211539
-42.306875
-50.550548
-50.234858
-13.631959
-25.287093
-41.774138
-5.296099
-61.421135
-18.831389
-43.012082
-45.284195
-13.088561
-61.328048
-50.845257
-84.424733
-47.916226
-24.896318
-21.006065
-23.851739
-32.172509
-18.986245
-89.170970
-63.586645
-58.363285
-41.147319
13.005080
-26.425249
-44.468823
-36.965456
-14.626511
-27.032729
-29.216183
-24.203332
-47.325159
3.163995
-36.733080
-17.032972
-16.562047
-8.680275
-13.975468
9.404116
-4.736063
-24.687204
-15.509017
-64.257835
30.991970
0.894165
-39.640676
-62.055493
-59.901577
18.325655
89.382805
-27.684046
-17.223142
-31.907381
-48.632790
-54.313948
39.915394
-19.516227
-37.468957
3.707568
-21.598758
-11.271063
-38.668911
9.384117
20.181690
16.314109
34.882130
3.188753
15.873917
-57.498057
28.648014
-35.187313
-36.772705
-35.207394
58.672343
75.908706
-24.347761
-35.705591
68.535196
71.638946
47.204856
-1.666348
-19.093498
23.934628
-62.887243
40.007508
-17.904869
-35.551990
25.867258
-48.209910
126.870369
11.280175
-39.087543
-33.893918
-53.500160
66.410203
28.471741
16.855780
75.140081
-5.454530
55.078652
41.268177
-2.978035
134.708296
28.791428
119.605362
-43.955743
36.410025
-169.541395
-106.283015
-26.955240
18.460150
-34.480220
106.140402
-26.384004
1.790852
-5.561310
20.926411
40.567588
19.981192
-59.587361
22.313465
58.015893
29.920910
98.599406
14.466750
0.012309
-33.861975
55.076116
24.985834
35.890974
64.523255
-117.017438
35.708888
103.933466
66.283368
122.560641
-30.687806
61.563111
58.599824
5.595621
35.599988
90.165874
107.164220
19.088686
68.120469
129.037140
63.243363
56.681377
84.281200
95.697866
8.263060
102.060620
-57.368629
22.233769
30.965607
23.730307
81.641835
-15.843811
9.475796
-239.999060
59.103451
77.841434
132.643525
-2.841051
-24.437377
48.808985
101.661737
-0.999032
-35.413114
3.400059
16.625358
103.221061
72.195404
-29.848129
30.961862
-1.325410
-25.934198
-20.847040
2.130221
34.217517
156.598306
50.431471
71.319719
0.814628
143.996997
17.833563
69.859695
-236.487312
101.126666
120.495468
17.148890
65.060481
-2.272334
39.891377
18.257658
62.079311
2.630894
20.304326
26.396365
39.163261
-22.319857
116.503090
63.294553
27.347439
78.541472
74.375756
57.947705
13.869278
0.082071
32.385453
43.431677
9.009041
91.794105
109.073935
29.625480
41.298473
98.020418
131.969380
11.205711
119.037953
11.515925
118.938642
103.382028
-3.404596
-5.261427
109.686702
123.745402
106.107180
72.111508
-42.906912
75.280771
20.655859
115.295969
122.522153
50.574034
-15.261424
-14.385643
26.202737
17.694071
32.663450
146.960357
53.697670
-5.073547
38.008899
7.194907
35.285324
7.953716
-26.435520
89.450341
18.238745
24.297961
33.933223
-0.416185
75.149021
56.539910
41.038654
-11.999913
29.949805
26.435217
25.101484
9.526672
66.594735
35.914654
18.164266
16.533594
31.630578
-0.441582
5.437339
137.545921
14.169025
-36.564846
133.217043
10.785000
2.340655
65.244285
-27.616109
8.360168
11.822909
45.432492
9.826246
84.054186
23.298560
35.242802
12.312655
-9.945939
31.420521
40.686989
-15.087472
5.192388
23.213921
30.094312
120.517605
18.850448
23.980171
11.498893
6.944433
-9.147728
39.338316
4.900600
-86.759547
10.567634
20.088824
11.659110
20.016285
-13.718728
72.270124
22.911665
-0.190342
-1.862068
25.993655
29.513331
-6.395647
-57.588143
33.961262
-53.050324
-2.513321
6.425165
-20.866132
14.433650
35.654795
10.254667
10.118410
-6.133565
42.417465
164.220410
5.716661
0.295061
-61.547940
5.955856
-29.586875
17.744915
29.198589
74.451367
13.748316
86.699377
-21.578249
-7.135704
-4.001719
19.877074
31.328289
19.282746
-39.419799
32.860536
12.812385
7.781141
7.268950
-24.748934
9.859220
-11.627550
81.981428
22.209171
126.705634
-44.963925
32.864660
-19.600266
107.140107
40.327574
102.062670
43.173365
124.283356
128.817661
73.371365
144.595849
52.033678
58.777166
90.137617
103.553102
74.504427
101.048994
41.321621
120.275314
-1.461190
102.795622
56.333161
-5.464267
118.026641
21.917853
61.737817
96.762111
127.460358
74.697671
121.665496
96.004692
20.617084
120.512364
72.937666
139.675714
153.202995
150.145927
30.221909
56.179392
121.978552
91.997952
44.827327
87.260661
8.720677
55.143405
109.978941
61.883864
49.905902
56.125852
181.972257
127.844142
-3.835916
27.280192
96.026916
29.124889
6.251571
31.160240
24.721936
116.660112
73.306661
14.144818
-299.114152
147.752831
110.962795
46.694095
53.574598
33.933333
-23.331564
25.202056
140.118933
31.581622
28.482789
126.984309
80.589006
16.466223
74.983408
42.693514
88.159242
129.471917
34.656685
-33.857146
48.547233
47.109978
76.578715
114.150637
59.832826
29.932537
38.237410
79.770225
60.842211
10.323807
81.779037
-16.919596
-42.909699
86.383868
109.807952
-25.447464
11.670987
91.856033
23.208053
85.960966
48.453263
49.914666
101.767694
34.320187
-1.307494
112.057034
92.273880
110.232755
64.067721
-18.381183
83.057650
91.722286
84.833510
10.992618
8.108257
53.430197
27.747072
123.223913
77.588428
69.963088
-232.098808
119.643825
98.251791
103.237462
-157.256290
67.083999
121.603865
122.341020
85.426315
115.391255
63.368696
103.826931
72.055493
77.140952
106.911918
43.421717
64.478349
94.256139
66.968367
56.987007
49.647256
88.658982
62.648265
94.307250
27.941349
65.036534
55.927955
73.196350
36.546523
100.624427
72.775727
120.897984
94.640590
101.374697
-4.029550
69.961227
101.578690
77.279094
76.497491
76.751596
83.168023
73.824224
91.321096
74.105834
109.861946
23.467318
106.899038
79.155592
93.355215
56.558904
95.242623
88.148278
15.461012
92.980048
89.296394
73.979537
113.095265
65.329697
71.652416
17.391590
65.687548
135.260341
124.865073
55.388650
127.773489
-45.128035
138.729757
94.048463
119.915182
142.997142
53.299939
100.937136
101.937746
110.883495
120.592988
81.372317
105.644665
80.568417
25.125022
106.166649
90.906895
126.265893
96.060034
55.866964
95.977885
140.509075
76.957488
82.471168
78.299368
113.344476
89.558880
70.344653
102.789093
87.457149
124.300782
126.169192
56.317428
130.000445
114.437126
82.816738
83.064959
104.599173
35.946921
97.713696
78.430234
101.963793
136.300426
126.962747
64.614585
116.102703
93.357061
103.186605
36.136489
96.308794
92.751537
130.424144
128.311145
93.490342
91.079414
156.421881
53.094111
95.832587
71.066394
103.990288
98.098111
-4.397815
94.671444
93.363104
31.525126
106.388595
45.745966
167.963258
137.555114
67.744271
-307.268149
135.939974
86.492569
98.976171
50.108943
53.057489
98.350838
89.295397
70.013684
85.779881
55.851466
18.691671
113.965968
-41.610307
26.427316
124.061113
106.290154
71.153607
102.498087
93.347854
68.072216
119.712691
117.720897
59.857841
81.234090
103.438278
-4.654695
58.411603
27.011367
51.838388
90.825854
77.177912
23.127696
120.582733
106.438139
95.889064
85.481922
89.406095
71.564041
125.756571
91.592047
103.346250
103.883117
107.445407
56.547007
125.713509
91.220817
107.352563
123.469585
109.152252
56.743144
125.316742
81.617846
104.068929
134.525627
158.906990
140.453092
121.165362
115.731351
151.020993
97.404123
85.942336
92.791554
35.428484
137.615929
19.877965
136.812005
85.997461
112.380495
21.822162
146.350768
75.027576
80.660016
41.417644
106.472658
49.417784
122.394559
77.392190
121.969262
59.723107
108.228363
85.082650
-194.080456
68.996935
78.106225
6.263612
68.356676
144.261438
121.623011
129.872530
76.058958
91.992546
133.049066
52.898106
156.320817
115.220536
38.603402
60.819482
24.592009
107.178640
127.916695
-9.010491
127.059949
173.125783
139.367919
11.918587
110.307170
142.977248
121.698510
83.212153
59.194268
178.544604
69.472962
100.744576
126.166045
167.781000
84.760695
125.969293
122.062446
93.622186
45.111141
82.988633
79.515394
106.629471
117.279732
94.783867
161.554964
91.263793
115.610467
40.128171
73.842989
99.153571
6.867826
24.680885
90.134411
95.308586
33.656237
97.368010
149.518178
82.738500
108.855841
119.721285
82.776146
79.871071
89.845767
110.402732
26.063562
101.940612
-80.163494
6.587332
137.975593
64.987779
-90.319743
-23.085143
55.605001
-4.506156
9.808882
78.683092
115.863711
77.204375
69.972531
78.033541
17.652919
18.008233
-10.523903
34.296870
51.907973
120.165104
0.962079
65.297432
53.849305
147.796735
102.530796
114.150918
43.203584
105.503936
152.314714
69.918354
-9.208924
14.418963
68.562330
84.246986
76.309118
-16.351918
110.940786
-21.067765
97.386552
159.469249
104.585338
83.162202
130.593133
123.432684
108.242556
-38.103129
60.715564
131.532923
-7.994170
18.579818
83.561000
71.836931
69.816500
178.666227
89.346402
134.031386
51.724011
75.557016
64.498626
26.260451
54.120709
130.897002
99.289353
87.170895
21.394042
78.781398
76.519823
50.435037
138.880486
74.203034
61.168950
10.603063
133.137723
28.761948
56.526919
145.588216
38.093091
89.505862
137.608202
114.315082
47.780029
99.210822
163.958235
88.481208
77.858464
60.833083
107.534733
-47.505692
6.002144
46.330178
72.832529
45.176052
91.471385
63.976655
27.059931
98.084939
162.195322
78.109101
119.352334
129.670932
110.314509
5.343389
26.145386
147.353685
67.273821
74.164903
29.869484
74.769556
85.497348
83.246841
82.029285
128.702097
67.427123
128.249797
45.812991
81.258366
97.609905
88.199522
103.557593
112.952271
-38.028435
107.630330
118.445129
-39.678758
128.487292
120.075729
34.039945
101.536704
141.182893
98.830315
129.461354
-5.868632
121.986871
133.309028
173.998021
134.761567
8.049932
114.011451
100.354844
119.850396
86.060070
122.933653
152.378369
68.868553
110.252640
139.449813
112.365484
84.442026
146.541336
51.523339
145.229604
133.014852
59.531386
40.995670
130.068753
79.273616
101.838134
51.838909
141.735736
117.179824
102.732912
89.711086
108.735280
96.759627
119.604326
138.618526
24.953457
41.959361
106.335172
14.297099
130.749968
115.118379
137.441570
112.661173
122.338301
107.043678
71.336651
83.187180
92.998646
104.175250
76.147649
82.427012
140.502301
80.572388
96.350333
82.624767
71.212443
110.617361
76.551088
104.672078
42.386071
150.432898
99.843807
62.234365
94.227201
132.490237
155.382475
54.726716
25.377920
72.837277
84.957252
90.006594
96.471189
25.171940
109.826803
118.880938
9.186275
130.362934
84.159755
92.505960
75.380598
185.531053
81.919505
17.992999
85.326412
83.956693
108.989334
88.790049
60.891650
48.384631
116.218517
82.171889
125.813463
125.880033
114.945479
69.540285
7.589191
95.890101
50.007995
114.340000
150.595041
147.060320
81.719382
112.453084
104.025331
71.101434
91.964638
65.245318
124.259493
108.550991
83.466319
155.374693
70.296783
60.153330
-22.392937
145.039707
122.189971
24.828022
18.915882
100.609765
97.055858
112.444334
147.386553
111.690186
102.453534
95.814225
89.853857
125.993390
116.108989
48.480147
123.145289
87.776752
121.991546
106.111637
125.665072
70.520835
88.774603
46.314324
70.569842
74.236085
47.818009
61.186604
93.705151
117.515369
73.609722
120.303066
72.167617
17.102086
-343.506897
36.759529
-11.929813
117.011242
93.137462
-278.294883
80.101540
132.427665
109.870526
60.847856
148.137430
11.590992
6.790976
110.876677
148.814383
24.857905
109.229570
156.032764
92.870942
76.789759
79.409059
171.221253
48.937606
33.668850
108.981504
26.971008
63.067264
144.437331
122.442291
79.002568
107.866395
26.372928
78.152611
-16.513498
124.482758
93.660790
97.077848
102.156583
86.693455
78.241629
98.589395
108.617852
111.564809
85.747743
-20.737208
129.834626
118.528389
137.258022
141.552499
70.225724
131.248574
97.136173
121.266465
93.643095
58.011032
156.526207
143.178576
115.817631
141.311215
96.524401
86.540021
77.943675
127.177174
66.669395
97.856472
145.476787
105.721103
101.652978
81.149662
153.527695
141.257949
102.615572
83.386115
67.498216
5.760244
120.965501
114.095045
71.567859
30.455935
59.126509
119.776836
91.517745
47.051651
115.562156
92.569352
108.028449
73.107390
33.057679
57.112606
44.767249
140.330339
145.653006
70.029064
91.573509
113.359405
132.753873
64.681890
84.914206
38.146952
114.562478
42.409879
113.411523
103.301182
84.330321
112.814916
29.806195
117.728255
99.087764
150.438835
101.400243
123.837327
4.378699
143.646114
140.412572
44.792726
114.297561
28.634448
85.533174
-22.277077
122.248991
84.314118
76.568032
30.785508
53.664540
90.426274
25.523695
42.132786
-12.391066
57.979264
58.673963
53.557103
13.824020
93.399822
-41.709466
-84.319172
79.492358
-195.355488
14.197563
39.571527
-50.535151
-2.769337
-138.294575
71.057013
30.944195
-40.643777
26.861498
77.695440
49.231277
45.278505
122.726414
102.190537
75.762704
51.518944
40.504240
-31.683715
61.343209
102.850325
58.327196
120.816123
74.127764
57.138514
100.578609
81.876904
71.177250
48.186529
66.458169
98.373556
75.394108
75.528983
62.128105
34.485839
114.188808
77.307116
62.537977
81.339961
124.041815
119.574338
115.924738
95.097288
96.683463
86.545833
126.563874
96.701444
94.710492
93.594842
119.158685
93.160800
38.003284
2.069731
112.566784
78.382157
73.914697
128.967834
119.919584
66.562151
61.257501
37.062607
14.375940
56.950439
79.011715
64.139423
88.596077
78.128376
82.396789
87.613540
64.294746
29.703091
93.294126
32.251127
49.420820
37.050726
88.027634
67.627302
59.551990
25.250664
33.798531
29.763010
67.974689
126.412230
90.946075
73.927665
38.712076
17.063603
109.564465
79.762810
63.582725
111.792809
70.166858
78.683146
50.288930
101.567172
126.996712
137.390800
53.349966
61.869665
93.159649
25.284386
116.252917
35.552502
117.781374
67.514817
24.310665
49.378885
86.503710
66.512200
88.687504
34.239921
88.178671
59.756618
60.425808
30.282883
40.220697
44.769730
46.187411
50.174536
33.316334
49.410056
64.859152
43.880823
47.295702
38.211141
90.196279
9.298269
42.151073
44.822879
86.891815
127.621032
49.009748
32.997589
33.402406
48.265161
20.785330
42.940552
82.522365
-2.409564
4.305808
43.571242
17.350682
18.538827
53.311036
61.973137
-5.072104
27.326650
61.867780
22.576716
33.246441
47.134539
73.632958
49.071841
90.089861
10.229897
59.496224
58.174881
55.739245
34.245968
20.271400
71.111087
58.220231
23.063866
68.333993
65.382879
163.384814
82.324408
89.770111
103.466638
90.184580
62.837785
98.543995
61.466441
39.546880
90.616143
39.048713
-10.958087
111.799323
83.560967
41.000539
139.912962
107.233529
120.959662
110.508521
120.489789
63.339891
108.691659
106.688776
82.476681
112.584177
95.966590
104.386522
106.251984
93.749784
127.257003
65.414680
100.814317
-6.082169
87.852115
97.776721
149.397216
37.144794
93.756351
107.440003
76.621223
112.739393
119.407621
110.561380
81.373448
97.896271
122.068035
133.913932
44.327204
121.659283
22.561719
147.749347
103.147264
124.222512
77.977690
126.186997
86.201922
96.279212
111.486414
126.622066
78.292408
4.316661
151.569874
111.357425
123.345367
114.162265
117.530551
93.050785
117.137821
95.101050
95.787669
117.843988
91.233688
118.256722
86.099099
99.929364
126.499609
134.105498
122.438649
64.017244
127.133918
24.395103
47.752465
103.052051
7.079008
125.803944
84.000293
82.348493
107.253415
115.582231
137.525071
126.414273
93.106106
111.768417
107.965502
99.914623
164.784054
92.301033
82.974650
148.042064
153.952006
65.608452
148.184631
106.601218
73.064926
105.806801
123.205438
96.013670
128.756052
97.702289
118.500849
130.372960
25.303760
120.916606
-4.384245
125.029128
157.000084
74.890150
92.469142
131.932274
136.781950
89.672587
95.979812
90.321861
122.929166
93.409978
128.031187
124.517332
101.654106
136.781545
87.507714
134.626353
113.962496
99.172020
118.211322
77.169844
106.386980
94.333734
117.441138
110.749780
136.566331
127.400083
90.656476
67.466251
115.865832
61.377130
59.217922
114.030614
109.981039
109.631784
137.413616
121.214689
95.055293
116.531400
108.958954
98.823179
72.877181
76.880735
109.003127
90.021887
126.115488
114.021679
108.017591
164.848586
96.097086
124.887494
86.814845
116.828598
97.974091
64.261963
88.483609
119.795111
-242.425444
89.037294
159.935479
126.751154
72.973749
168.759734
151.202943
88.886383
44.396020
77.187002
84.413713
19.076895
105.304337
158.979957
85.532876
106.952069
86.229341
96.904148
85.627410
57.453999
77.950046
128.681205
50.852832
132.720246
88.646039
93.935453
87.331552
50.879995
114.523017
130.655838
139.164576
145.531101
93.012447
94.424485
105.421477
118.180303
97.403133
95.001543
128.384559
112.422904
90.368639
69.037753
134.791868
100.550695
125.569018
78.915960
94.336742
101.896571
125.643640
119.682927
132.729984
135.917621
100.469388
136.880973
90.258122
72.180776
107.308682
109.765113
122.774714
64.982968
107.778625
104.847989
123.115441
92.501092
97.793929
115.056135
112.410307
170.237418
99.496487
83.216998
63.563385
94.845426
79.662108
166.284412
70.646681
93.400757
114.558364
128.123803
84.813473
105.678339
91.209171
139.449329
93.120662
50.111338
128.139796
137.117460
107.027038
129.214772
163.596661
74.802595
98.687016
101.617812
111.689388
109.869037
124.493736
50.403071
121.578174
96.077398
65.314839
37.311825
133.201437
92.503713
94.884979
149.638724
90.576347
113.099661
39.075776
81.568615
5.171314
111.235125
123.071328
78.270034
169.277572
152.076931
122.567591
66.066704
157.576911
85.303091
-33.360862
131.191700
148.379204
105.930659
122.241522
100.293712
78.766364
99.286632
99.896460
77.941468
148.076952
100.080664
99.235574
81.079787
106.331685
130.144291
113.382236
84.581958
67.382492
85.120046
102.153229
77.953321
70.902702
89.450785
59.169912
68.658328
102.707007
57.333215
90.220374
67.925906
76.036024
31.063253
62.280495
67.259329
94.026258
58.848289
95.358998
59.286849
81.622728
78.068996
98.322093
76.371051
77.147917
88.659937
98.209040
38.755894
41.096712
40.273704
73.332516
90.288081
54.689886
85.691241
133.810779
65.210123
71.927121
82.747909
81.925361
56.973121
107.027793
93.868654
59.574046
34.908922
79.106243
86.212086
112.789783
75.270046
88.341838
43.554071
31.635643
93.607486
75.525311
82.929986
76.771101
107.602051
52.131406
105.103834
87.691134
139.995188
55.155603
83.789121
96.365555
71.395506
116.065585
96.102522
124.164190
107.040302
77.703641
72.627293
106.812045
103.205551
31.550342
139.924163
111.387899
107.627468
69.040218
97.145774
104.970486
54.398886
51.710384
100.755072
126.947587
136.320240
103.147958
111.305360
120.705329
77.147600
90.530603
109.494722
66.664060
74.837974
72.708948
64.693466
69.432704
98.619735
93.297959
79.232968
79.506427
126.623063
94.383562
69.680395
58.496102
79.785329
72.963440
37.378255
49.869514
85.329443
63.496580
58.405784
105.553897
118.397782
95.257892
24.370555
119.812249
107.298778
36.479671
81.032279
88.594432
49.523136
25.891037
101.804784
76.432145
94.268128
61.438705
137.114647
57.460057
93.098891
89.670100
90.575230
97.168257
52.477194
86.828939
79.640393
76.583800
75.093837
82.568701
76.755225
102.276744
99.376354
136.026836
81.930146
119.612821
117.903776
77.833090
126.277972
90.413137
92.538880
108.093280
98.212646
126.009926
89.581610
104.945287
85.109244
92.135682
137.264633
80.357870
104.375714
92.478378
95.161119
122.939408
132.801858
59.303319
69.490490
96.145627
72.352788
53.758117
90.916494
113.437232
102.155669
106.192315
143.473736
91.667805
104.527643
52.881481
104.597920
142.573472
134.869448
95.029996
132.138575
115.687603
102.455986
124.088475
103.999573
127.863050
118.767746
140.838267
122.233128
99.858138
104.394077
102.340325
93.078551
98.164596
147.763551
78.630061
56.562391
102.597174
79.687569
93.452857
107.895992
118.132440
98.961407
115.939058
82.187593
91.104136
116.848326
98.800668
142.938075
159.861038
137.728415
96.944414
155.586647
91.800693
133.114050
87.119797
128.989128
147.922215
136.355443
123.403654
133.218357
71.392876
118.926730
112.733669
72.194801
91.937206
121.106765
116.438158
91.647135
95.348888
13.227961
131.191254
90.723221
127.728941
107.761951
96.862007
10.778962
55.485801
110.876282
80.711563
135.855102
137.880844
129.138335
77.315594
38.630815
104.193506
91.371831
149.653751
82.524345
79.474680
77.534526
82.881571
100.453280
91.716395
102.974892
24.779358
159.182511
147.124182
124.021786
34.214116
114.134767
174.816367
122.897065
155.296017
98.480910
120.247105
94.524725
-5.777032
79.818200
105.740845
115.041281
125.260762
136.257481
162.243966
127.553538
111.261401
133.194996
147.378484
-39.248005
146.028203
115.852694
148.561488
130.269427
140.818525
106.547373
87.203898
155.058426
124.692365
167.915537
126.717563
74.944419
123.476731
100.539592
151.607219
81.428867
107.951263
136.518503
119.766688
92.827886
142.695697
102.503527
149.964875
100.471388
103.262217
113.631375
68.130079
67.459545
151.088496
76.745947
131.475182
141.505209
106.148636
168.378303
143.375730
129.344524
116.574569
105.856507
133.695706
114.274627
104.901513
123.124947
98.602748
135.947079
88.291706
25.307325
118.170719
138.862885
75.545166
120.265038
8.935706
155.358353
17.641913
88.863960
124.647454
154.907259
91.697912
45.182946
146.071516
66.365683
119.705149
90.853332
47.477192
150.338584
190.529166
159.434551
104.561894
121.315295
145.531244
137.193864
79.887783
26.869496
141.495758
146.379810
109.395808
77.880526
126.501566
106.087528
153.823466
71.685565
16.877980
52.440591
127.838783
145.083955
105.678924
120.325732
86.034444
-13.878488
111.042621
110.960733
142.730536
29.803173
127.771722
140.504066
141.217444
115.727629
11.296331
46.283058
162.289386
120.302480
125.061556
152.789456
127.400329
93.527684
153.843484
153.860671
126.096741
125.558784
125.701132
137.753125
123.846784
136.710875
121.778977
133.471289
117.679831
124.593332
136.146147
100.083379
149.479962
129.516846
113.381820
115.232748
126.188878
152.327225
114.767398
118.358366
120.000302
102.003082
102.681197
114.299696
130.336788
133.834464
106.665437
15.413566
135.110081
6.067119
132.186681
43.783921
131.859794
88.950133
169.561516
124.743269
125.948836
135.269456
55.745222
86.454130
167.620061
147.060977
135.677654
130.110870
144.665137
112.803143
141.821180
113.067005
130.090933
160.366396
123.928340
114.911306
146.110861
123.062102
86.186070
135.637125
171.001648
121.391987
112.998905
138.735507
124.022889
125.552451
111.847097
118.479268
108.629369
108.964404
126.687768
117.722447
137.210746
101.150770
112.566099
110.281255
103.583363
123.139072
109.866656
103.878347
115.652852
127.714545
104.846705
108.819061
106.717370
128.398139
108.050697
142.536020
132.911885
120.803799
160.700592
106.259608
144.867179
152.294135
151.046027
134.442396
117.263506
116.404620
102.938846
118.056211
102.940126
138.195159
136.477197
42.661514
124.614353
-54.164625
148.626977
155.120011
140.137048
87.418076
149.349426
125.180139
142.206233
116.190597
82.120488
145.327231
122.730215
120.523937
81.653405
135.407610
142.421144
126.908901
108.609951
112.538774
107.031119
135.132747
146.695531
131.202592
93.641753
112.069334
178.543987
149.642644
87.520737
182.833391
100.067432
158.687720
142.763542
148.026135
109.428131
101.611470
165.277507
126.776578
123.144803
-1.066219
41.948988
152.689782
116.284017
23.810743
116.498007
108.062184
62.538929
143.392273
96.834202
138.647064
120.704122
129.889388
127.607550
125.471665
114.861829
119.058725
125.225148
112.220993
141.061802
173.626640
87.262822
75.954151
102.571115
106.039224
127.082650
79.478658
121.873818
104.970275
106.592874
123.565196
115.566574
60.413023
74.712142
92.809014
88.994595
110.621002
92.338303
119.559856
98.122758
132.701635
121.191635
142.599824
89.888220
94.172635
133.238841
112.353971
54.677406
119.843066
165.092557
119.813539
97.838798
96.575955
121.352881
91.380186
95.103039
132.196513
118.256385
126.281659
88.837491
112.485117
90.767062
121.215614
109.884266
77.416782
119.227662
93.981581
126.671664
173.562508
73.565304
96.885796
77.482674
74.384719
149.571433
112.185902
48.717337
135.975260
113.214913
103.912769
84.379309
83.952963
105.295740
120.699604
64.488712
88.704767
119.091700
125.402680
118.508121
78.631793
135.263295
150.863970
145.411104
118.914797
118.241535
103.291725
175.218178
123.703189
110.415344
105.944410
112.919996
123.476337
131.787001
76.069183
148.016027
91.092350
126.172716
60.148002
119.790308
165.396924
128.473478
115.442299
120.618591
137.086897
121.730944
85.391402
130.248256
89.473704
129.106568
118.325326
127.415105
90.233557
87.719987
99.943970
102.643937
129.708488
111.057745
94.734163
87.904844
114.011446
99.200440
95.418831
123.215528
59.609340
98.579638
76.769810
132.589270
107.405554
109.017165
81.297772
101.214406
127.379215
119.091612
132.848544
83.237182
119.399133
127.841203
84.687258
120.252802
124.909360
107.023988
154.300088
123.140737
121.875480
146.128918
85.505617
140.308755
137.640688
69.274732
106.215499
136.107635
115.136360
81.789594
142.265137
161.581469
92.507316
131.468892
130.054094
126.472664
153.121248
66.767699
126.667829
86.234276
140.927624
137.566915
107.569825
140.557619
99.565809
87.606846
136.590383
86.712241
117.200237
112.182319
135.282103
106.361271
102.854210
80.914255
127.637943
123.690844
145.059685
115.708953
117.520267
136.012934
105.465797
91.082959
87.208381
102.829310
90.897519
99.580871
90.255858
102.560367
109.160764
111.399516
116.358631
121.568571
88.871872
114.736100
141.366328
103.306843
121.027202
94.056404
123.847729
126.496026
128.808387
109.886724
130.474974
124.894246
153.077382
103.994107
87.589955
113.318739
110.237291
121.031522
76.045512
88.529677
135.597703
137.514313
98.629566
130.223564
123.197023
106.678797
66.892714
94.284430
106.954583
107.428733
140.536448
107.980843
112.811139
115.458144
122.385786
85.048181
152.877132
110.257469
85.450410
130.294708
71.800450
63.133442
116.348113
125.116551
146.110298
89.270266
88.286978
58.531947
119.303532
147.978466
119.241954
123.519975
130.813463
72.727455
87.329112
139.685045
139.880907
115.473524
102.822356
85.845413
102.476768
134.158696
90.651926
134.324218
140.372722
124.147426
105.040447
118.276742
122.359992
124.995529
94.050973
110.124620
93.430815
104.448314
108.206246
76.754163
139.523355
115.584668
102.586383
148.942622
122.987350
141.016334
120.726179
93.630011
114.700005
149.330889
87.212817
150.041395
125.122785
136.681930
53.553180
90.923559
109.200437
45.703198
79.852521
100.229020
123.586470
78.331498
65.229284
141.657263
128.938798
66.999763
92.689964
83.198015
86.769256
76.159662
108.325148
81.666425
80.024854
115.052449
81.950901
126.418220
106.640894
95.216822
88.552886
105.824863
96.537315
61.065956
116.808844
84.920674
101.347232
93.183800
90.030202
119.131807
126.593289
95.138228
92.241723
124.038047
150.122074
79.199316
145.382535
104.167905
138.710166
83.918965
109.346851
109.845179
67.674200
107.177314
98.477934
124.901418
117.085760
98.960375
104.134104
68.338286
72.173395
57.722904
106.367119
85.410311
121.559150
76.338350
55.017289
74.200829
78.459602
78.754998
121.417573
119.890153
89.368120
60.286187
93.592666
48.172972
84.812886
111.950621
103.743461
65.837235
89.366763
79.634179
59.830593
102.328068
102.793371
58.507208
124.052189
119.374535
129.169570
69.522630
106.281793
118.683999
118.158704
122.832136
96.810298
160.400195
106.676239
59.335556
117.569234
94.451088
100.640975
101.376417
80.602177
114.780772
66.259508
124.491985
120.379208
91.275679
104.748758
134.705948
94.113062
123.100930
81.140849
133.404242
74.515979
66.309407
70.228816
83.136170
145.255313
96.140037
85.540389
72.507720
101.265375
138.721381
114.832396
119.311084
109.683548
107.270698
112.162314
90.456766
148.662232
153.595004
86.968976
102.323694
140.328507
115.849192
121.594592
94.108826
100.977117
114.277790
90.774836
94.507761
132.667287
136.018198
93.062474
121.524652
87.208932
100.890846
124.201300
79.259632
105.753258
121.337744
52.832574
117.300307
95.733168
95.623348
127.040702
69.716712
95.652437
124.816018
83.027803
90.593296
68.983320
78.540116
67.841960
86.371219
146.062063
77.999188
59.495921
133.491234
106.973706
38.879956
60.946167
93.724697
93.860921
65.677354
62.492274
149.660231
98.765372
38.535884
53.211548
107.226943
81.431311
89.789758
108.922197
58.173052
70.445224
126.269036
87.756682
75.745387
42.561920
117.558904
60.862938
107.790414
89.243965
93.734964
87.570498
103.774581
106.988067
59.296703
105.216030
61.398759
56.730372
77.924046
90.276951
97.517710
132.989779
89.268553
54.076349
84.235826
106.588517
84.736992
105.615710
83.499140
112.740137
85.940254
91.639341
119.004580
92.555504
102.233513
78.565938
78.489607
116.849636
59.704126
114.915959
46.708450
47.203819
117.870644
103.891516
143.186213
97.987642
104.633540
98.997574
95.997863
120.326692
142.867382
90.974074
108.550269
120.598988
123.445257
123.371916
87.458306
137.025603
106.819999
128.113903
108.761497
137.241582
106.261273
112.455651
103.275386
113.601949
111.471437
88.637539
139.715049
86.027102
118.574793
117.436647
69.957181
101.134363
123.365461
136.089962
106.644139
88.257594
107.410271
101.590698
105.141734
84.596464
114.587172
93.699083
93.919767
86.199214
80.772604
140.689442
125.986813
133.439564
104.101930
124.546516
47.900209
130.545449
98.479645
122.363066
105.581292
75.786294
72.965155
107.185160
137.184866
110.258315
101.717482
83.114081
104.001115
97.835265
112.582962
98.156100
114.622901
112.332993
89.950480
125.290917
69.357438
134.834809
135.598780
174.481712
130.284920
103.451298
107.399256
70.618654
93.990616
127.190117
95.432904
98.504396
108.067453
110.104922
90.864889
123.103232
124.415041
133.813767
96.329692
81.750178
150.526501
120.273471
96.489007
127.082202
109.841701
128.512416
90.398999
117.754575
100.652208
110.313110
128.399105
125.745526
154.443561
102.261994
108.464571
146.758913
81.668266
142.442514
89.240933
107.076839
89.315661
113.475096
75.253082
121.625881
139.502476
103.146262
70.268007
93.069176
133.983828
110.723958
75.086346
146.318162
67.304144
48.110573
85.457782
95.775281
110.627880
99.699797
20.701222
104.892280
121.649900
93.614044
114.973095
89.802190
86.159398
117.511756
85.549492
103.986795
78.677072
87.703418
116.771595
92.296576
103.335311
105.128595
53.869197
148.553424
134.682448
85.293053
128.416453
97.941172
107.849330
109.045756
106.967957
41.687874
139.928774
96.117813
106.493265
122.245490
107.618369
100.081514
54.225977
90.897415
84.735434
132.531481
142.167482
156.324888
118.775584
143.694889
101.884795
107.676864
121.758757
94.016535
118.151873
122.340752
101.631548
86.709099
99.240504
94.525609
91.089060
126.975239
102.661053
140.986309
124.387595
113.353042
91.810420
102.618121
140.295877
136.759760
95.950029
129.384223
97.801387
136.410086
146.834343
112.494075
105.802850
107.703652
164.682892
122.040792
140.683884
86.154244
86.544252
131.468382
145.596024
93.109766
131.197673
151.645964
149.982558
143.854273
127.821158
135.408089
102.326250
61.407775
109.615745
72.507540
123.306920
114.075764
29.681728
117.258908
143.800003
151.793008
130.555221
139.231187
110.702380
113.061279
146.935318
127.337761
142.660262
158.062502
76.414867
136.056237
134.520615
114.481849
128.042018
83.233324
61.612324
170.737166
99.073258
102.808668
145.022007
62.943421
118.636378
140.344684
26.920617
68.581880
83.349983
131.291051
117.759781
23.665922
-10.657886
122.821998
0.708216
117.422888
138.568507
176.352642
158.501090
140.382024
133.510825
154.632194
95.262120
128.968873
88.154725
127.732249
101.347233
156.687747
36.931792
110.172469
109.164429
117.768334
92.701726
113.040762
112.916026
96.041087
109.025507
106.987851
131.988112
97.764169
124.437551
92.503962
79.831779
152.398230
72.917993
141.435100
131.751542
132.461140
156.503778
122.549045
166.474090
36.841855
44.298584
126.343100
86.645419
135.368835
148.664027
39.217795
46.250492
93.261612
153.927335
138.669219
154.669509
-21.246065
75.080028
-10.737812
114.716487
1.425059
145.970436
53.284317
106.716523
147.092825
123.017262
98.169352
139.958327
108.714473
133.627921
106.953466
140.032035
123.337870
72.532532
81.254621
23.311175
121.394219
-11.806565
3.371097
92.946391
-118.230056
138.347537
21.860046
-3.628172
141.129647
172.954399
92.955118
139.553510
116.691436
143.381091
102.010786
40.459525
97.149439
128.426841
63.561686
129.915086
-10.163885
100.966442
235.552979
99.299322
55.591225
145.040129
51.426576
118.387870
-6.874778
61.266857
89.033632
6.634123
75.863480
139.876664
91.111323
142.398710
163.582991
77.653016
58.495472
113.595428
132.893383
78.437956
35.683788
148.260383
132.300627
32.276301
61.585777
56.149217
118.757712
109.228044
38.570658
15.359078
77.858287
135.662277
91.166819
116.535574
53.584812
116.306864
92.593059
132.627494
76.505754
91.803616
157.820614
81.712783
113.104433
59.136419
138.815792
161.158475
88.620480
133.445448
129.163998
120.306370
-23.083205
80.836355
91.719378
100.460172
34.321026
18.125063
92.906749
118.052874
106.423154
100.032274
132.172904
20.698727
133.951427
108.946302
111.998622
155.233720
144.603217
-2.119629
96.249010
97.135585
166.580055
85.462727
100.120812
21.171191
48.421897
155.968468
140.551417
124.696128
166.860764
110.189727
-12.325772
48.492196
144.936569
179.141678
141.289049
117.333687
117.357871
176.540537
86.171919
104.605623
119.203438
102.326363
148.841683
104.268903
167.100075
140.093153
125.361814
110.695687
147.330015
128.821646
208.599475
96.009915
149.468130
16.933272
171.125594
94.480636
163.015027
81.063394
-12.063202
132.937112
110.721465
104.895440
41.039230
112.774080
127.585235
92.663158
95.532912
128.869463
59.893061
117.683232
148.416086
149.396612
90.449596
115.134602
146.219147
106.822095
74.041773
86.517863
123.484190
127.633493
148.587256
176.967490
157.854174
126.392476
72.230307
137.716937
115.098968
101.733736
159.513490
98.978235
112.011808
117.911458
173.797483
175.241249
118.755658
82.312723
160.606339
96.772231
158.367464
110.799060
135.072831
118.835324
149.246355
128.123187
129.340182
136.339834
160.980563
-11.887149
135.266974
181.809815
133.300118
99.028018
121.525452
113.904084
114.923847
106.430643
92.950441
99.217457
139.079649
90.708355
120.319249
140.682977
108.276967
135.636070
153.587799
133.563389
129.881210
146.016520
95.191341
144.392110
123.759253
87.277761
81.720864
170.591874
134.850552
157.054155
126.874588
150.701435
135.332742
111.953563
99.473955
118.525701
115.538351
64.632234
90.228656
144.244090
106.010268
72.664197
121.363325
125.585732
131.390916
110.097740
86.211756
134.939840
89.324058
102.199992
116.400119
87.011720
109.949506
103.167835
107.064863
101.242301
154.968775
150.271146
119.421299
108.561454
99.512920
143.411413
159.430077
129.761862
91.238835
-5.415895
116.418552
124.957100
90.181086
113.853632
120.612557
87.176664
167.392884
111.102066
92.791388
167.583680
157.644106
127.297597
151.105722
109.497850
116.865031
103.034104
157.174444
113.407499
137.603304
124.206795
138.684108
125.924823
100.231362
134.540399
145.195783
149.229186
3.425155
129.718180
110.002581
128.929572
105.396909
113.517504
155.264354
159.753312
165.704865
160.048182
128.403585
158.184300
88.077498
137.205891
84.969711
133.812611
81.796674
115.379478
126.960868
87.366739
155.305581
109.001210
94.245552
109.037804
104.863320
84.473485
83.649470
81.827680
148.941388
127.207203
164.053411
78.031717
147.177704
105.508554
94.924934
68.969307
138.022597
105.612517
78.873361
106.374930
147.617827
79.976859
143.338035
73.435414
117.328312
106.970129
75.035779
84.667817
113.461397
123.533716
120.145866
120.336322
91.403788
89.329227
104.288602
76.997000
132.447778
123.108099
116.269852
94.221980
86.798423
93.676689
110.190083
126.953485
129.386310
102.012198
85.356390
127.586878
74.584261
105.345169
127.859689
90.839651
107.956134
120.320043
106.330505
99.677435
103.674266
103.806777
147.098610
118.246844
107.416244
95.791975
114.617185
96.621954
107.935700
116.599750
113.327475
118.771081
97.631145
61.803259
69.391516
138.700288
110.123183
119.050305
144.539818
98.752005
116.973917
132.136773
143.710809
84.124700
145.847360
110.046410
91.162555
92.126905
119.126550
120.725008
87.564504
85.319780
146.820494
94.974603
148.587577
89.795947
106.703708
148.368447
139.289708
120.232697
86.519983
121.087580
74.851767
129.506913
100.977355
89.932949
111.688554
139.361222
132.608987
102.920888
154.114869
95.515667
99.813442
102.936610
142.860332
137.133568
119.581164
129.408368
112.381214
124.593004
103.828271
118.942163
142.834872
96.081558
112.699897
81.682911
111.160116
95.342951
148.176380
111.403069
0.744701
68.451410
116.346291
130.980422
153.449614
65.816305
91.915934
108.441627
100.122287
57.309921
100.871265
132.866961
145.652492
128.484152
100.941032
80.551509
116.074942
104.425818
120.118537
152.217246
69.005679
112.059381
100.993634
97.682850
65.967030
106.298662
110.502636
54.036055
51.007155
136.143483
100.519352
111.413880
67.912863
41.381642
117.162601
93.118081
79.084710
-7.587702
87.666536
47.226972
104.465212
129.929137
60.368378
104.955326
125.129410
120.050505
86.262380
97.462691
82.604255
92.898088
129.209414
92.126087
102.384609
115.427657
140.636518
129.839236
107.470565
116.521647
103.337071
88.302742
88.668943
78.140284
105.096273
155.637478
89.747468
88.108496
131.653089
170.753329
144.678812
152.856903
151.173128
114.193360
9.052826
137.529252
111.681109
151.698131
150.787868
113.886473
158.054962
100.125019
145.557127
110.294627
132.878239
139.269382
116.360247
110.350795
154.082044
98.372649
66.309807
118.450875
175.782243
170.112200
123.491594
142.594804
43.330696
153.687667
141.081540
76.507623
111.565688
160.375939
149.608375
156.238244
101.676276
85.362692
112.601670
138.081131
137.899246
118.322997
155.059486
101.494229
61.070852
186.084667
133.897898
109.898942
111.564169
140.830005
128.782992
141.213132
125.779853
35.660430
124.118066
191.850987
108.224682
103.208218
140.182096
110.248566
187.301669
170.734145
146.825583
43.977115
137.975841
138.172910
0.672638
145.382735
49.690158
101.549884
264.963548
120.275969
110.722172
168.703754
164.832019
116.674645
114.796882
56.127231
125.695714
140.224867
120.693442
37.909057
157.996281
118.043780
21.581082
166.942857
111.320709
116.622164
85.913825
117.548756
92.178326
88.365605
85.813671
142.955296
132.935089
104.571091
118.362077
61.763926
80.549348
131.670504
97.499993
98.257949
135.412232
151.396308
116.247892
111.377873
138.130214
105.844854
63.277220
74.332544
116.226156
86.140481
97.849343
79.307230
68.872362
120.024266
110.372983
131.203889
129.067242
126.211166
65.323912
78.937737
79.642937
66.155207
72.296488
112.370411
89.040072
81.796642
81.907241
106.273998
111.007879
86.471414
52.816981
85.327004
117.397049
100.064013
106.798641
69.321521
118.604832
95.270373
92.640245
123.710035
108.169362
45.115103
126.822194
103.442484
109.831589
-23.081403
69.061067
80.482665
50.673524
64.300788
68.075137
109.799121
114.917588
103.786699
115.880187
96.726409
134.546582
116.315109
146.125431
164.858151
90.130323
111.505977
123.183545
131.271099
150.131752
121.196398
77.926004
118.807421
139.188293
151.421704
74.378429
152.189896
-0.573358
149.958406
124.537582
97.987124
94.841914
150.499745
89.552762
118.110522
127.910731
9.541348
114.355137
141.946583
142.424477
144.182777
59.958231
141.096182
93.716495
82.185130
68.172746
84.805687
86.711628
63.238908
96.979220
107.905545
76.992232
94.171921
56.029618
68.282003
138.040164
91.274352
136.149783
-24.890273
127.944390
-26.610018
28.783205
87.347542
83.284170
99.484601
124.341489
131.210622
87.699025
63.051535
123.608785
53.033517
112.695100
79.935804
80.620703
84.146926
82.544751
127.929727
97.751312
73.438316
100.821174
66.533773
99.411085
19.058390
79.071433
57.644152
86.024620
110.283217
62.886321
83.888888
52.342417
97.098925
105.104464
99.233813
88.028817
103.858378
57.928225
79.312234
30.545932
105.167767
60.371422
69.158704
56.652847
39.526967
58.886942
77.207490
112.852552
105.088562
112.447742
108.098023
88.771911
138.278838
-22.665454
138.866337
137.061949
115.046585
101.565200
51.719088
114.056342
64.378239
87.962497
95.448383
-57.660374
66.734332
-20.362961
44.408124
47.147208
116.563851
104.854579
91.122627
41.300962
163.158972
113.800261
131.598581
105.643679
110.976514
78.895055
138.516463
122.422674
114.448675
131.324606
112.939040
108.156996
122.264562
111.242507
144.652035
121.936523
129.706746
95.933798
136.496484
69.302744
54.181854
115.627173
107.343741
85.964932
90.945425
123.287647
96.258760
45.658457
72.349904
59.754157
120.966418
120.855342
105.083633
71.797508
95.512307
105.803630
79.036925
107.290022
63.084160
64.022141
104.691277
113.332091
52.551003
85.763208
95.177496
100.669799
61.658123
102.993520
73.488586
87.186821
120.352989
105.967549
106.026344
100.636495
70.092241
101.623142
118.047442
92.606953
56.201346
134.306347
107.759402
46.765970
124.513095
67.250753
120.273906
103.993102
91.497769
125.397335
83.510059
120.593739
108.829709
82.357404
96.503219
73.834090
112.442105
82.795614
142.016868
110.470589
57.374832
73.193079
111.008355
122.600706
103.163273
96.328389
60.664806
105.655458
97.753117
126.766161
104.979689
108.380919
100.682029
101.538877
102.594862
99.370003
94.741387
92.598152
131.924125
61.759313
113.305033
98.523893
106.576263
112.609149
101.821373
95.881261
85.676729
69.338502
105.771863
118.339480
108.418294
91.968628
112.763922
37.674204
75.922491
115.640444
156.480694
138.153957
115.828482
94.393356
107.313327
118.593982
110.282308
116.589259
82.949168
101.011612
55.565066
91.673952
117.505686
119.984148
93.032013
149.694168
136.599935
110.981310
126.678908
116.738150
132.169815
109.298184
105.471002
104.775014
129.755542
94.483296
126.367880
83.951570
77.672305
107.086414
149.119973
161.075770
129.955948
134.022318
159.652757
110.648629
107.464582
130.566307
125.038136
126.338222
114.659093
121.836175
115.478777
96.711002
113.207463
-0.595286
88.055323
127.292590
137.180546
103.681697
70.429991
106.401567
154.661406
101.985965
-33.399773
50.686169
128.353381
169.489563
142.628838
84.541621
-26.306783
121.404513
70.117411
9.008171
144.083378
88.429479
81.679804
69.002820
128.138619
-194.602883
31.785200
28.165940
125.144585
104.775861
62.383948
84.234448
116.042280
101.786591
90.290036
45.489283
123.221694
89.336341
111.547564
97.094931
80.969145
64.516707
91.569766
135.709885
92.553708
-15.662165
137.549663
85.399904
93.741311
142.374854
73.176331
110.026362
87.394303
63.062457
142.967773
70.048143
17.522012
126.969537
123.270615
74.917019
97.413684
